Benchmark-style summary (native vs policy vs ortools)
-------------------------------------------------------------------------------------------------------------------------------
  #  Instance      Makespan(native)  CPU-Time[native]  Makespan(policy)  CPU-Time[policy]  Makespan(ortools)  CPU-Time[ortools]
-------------------------------------------------------------------------------------------------------------------------------
  1  J3010_1.RCP                 56              0.28                56              0.72                 42               0.03
  2  J3010_10.RCP                46              0.16                46              0.51                 41               0.01
  3  J3010_2.RCP                 62              0.26                62              0.70                 56               0.02
  4  J3010_3.RCP                 72              0.30                72              0.78                 62               0.02
  5  J3010_4.RCP                 71              0.12                71              0.43                 58               0.01
  6  J3010_5.RCP                 47              0.37                47              0.92                 41               0.01
  7  J3010_6.RCP                 51              0.19                51              0.56                 44               0.01
  8  J3010_7.RCP                 57              0.16                57              0.49                 49               0.01
  9  J3010_8.RCP                 62              0.30                62              0.81                 54               0.01
 10  J3010_9.RCP                 49              0.09                49              0.37                 49               0.01
 11  J3011_1.RCP                 65              0.15                65              0.42                 54               0.02
 12  J3011_10.RCP                45              0.27                45              0.72                 38               0.01
 13  J3011_2.RCP                 64              0.28                64              0.73                 56               0.01
 14  J3011_3.RCP                 81              0.11                81              0.40                 81               0.01
 15  J3011_4.RCP                 68              0.19                68              0.60                 63               0.01
 16  J3011_5.RCP                 53              0.20                53              0.58                 49               0.01
 17  J3011_6.RCP                 47              0.29                47              0.76                 44               0.01
 18  J3011_7.RCP                 41              0.34                41              0.85                 36               0.01
 19  J3011_8.RCP                 68              0.21                68              0.62                 62               0.01
 20  J3011_9.RCP                 69              0.13                69              0.43                 67               0.01
 21  J3012_1.RCP                 47              0.34                47              0.85                 47               0.01
 22  J3012_10.RCP                57              0.07                57              0.33                 57               0.01
 23  J3012_2.RCP                 46              0.32                46              0.84                 46               0.01
 24  J3012_3.RCP                 37              0.19                37              0.58                 37               0.01
 25  J3012_4.RCP                 63              0.13                63              0.43                 63               0.01
 26  J3012_5.RCP                 47              0.14                47              0.47                 47               0.01
 27  J3012_6.RCP                 53              0.09                53              0.36                 53               0.01
 28  J3012_7.RCP                 55              0.26                55              0.73                 55               0.01
 29  J3012_8.RCP                 35              0.21                35              0.60                 35               0.01
 30  J3012_9.RCP                 52              0.11                52              0.39                 52               0.01
 31  J3013_1.RCP                 75              0.16                75              0.51                 58               1.45
 32  J3013_10.RCP                75              0.14                75              0.45                 64               0.14
 33  J3013_2.RCP                 74              0.24                74              0.70                 62               8.56
 34  J3013_3.RCP                 88              0.24                88              0.61                 76               1.46
 35  J3013_4.RCP                 82              0.19                82              0.52                 72               0.35
 36  J3013_5.RCP                 79              0.30                79              0.76                 67               3.96
 37  J3013_6.RCP                 73              0.23                73              0.60                 64               4.64
 38  J3013_7.RCP                 95              0.33                95              0.80                 77               2.32
 39  J3013_8.RCP                124              0.34               124              0.77                106               1.52
 40  J3013_9.RCP                 91              0.21                91              0.54                 71               0.07
 41  J3014_1.RCP                 56              0.16                56              0.51                 50               0.02
 42  J3014_10.RCP                66              0.18                66              0.56                 61               0.01
 43  J3014_2.RCP                 61              0.22                61              0.63                 53               0.07
 44  J3014_3.RCP                 72              0.22                72              0.57                 58               0.02
 45  J3014_4.RCP                 56              0.20                56              0.58                 50               0.02
 46  J3014_5.RCP                 66              0.12                66              0.42                 52               0.01
 47  J3014_6.RCP                 38              0.36                38              0.89                 35               0.02
 48  J3014_7.RCP                 57              0.24                57              0.70                 50               0.04
 49  J3014_8.RCP                 56              0.28                56              0.74                 54               0.01
 50  J3014_9.RCP                 58              0.07                58              0.37                 46               0.02
 51  J3015_1.RCP                 46              0.25                46              0.69                 46               0.01
 52  J3015_10.RCP                65              0.22                65              0.63                 65               0.02
 53  J3015_2.RCP                 48              0.21                48              0.55                 47               0.01
 54  J3015_3.RCP                 52              0.17                52              0.53                 48               0.01
 55  J3015_4.RCP                 48              0.13                48              0.45                 48               0.01
 56  J3015_5.RCP                 64              0.29                64              0.77                 58               0.02
 57  J3015_6.RCP                 67              0.15                67              0.43                 67               0.01
 58  J3015_7.RCP                 50              0.07                50              0.35                 47               0.01
 59  J3015_8.RCP                 60              0.22                60              0.63                 50               0.01
 60  J3015_9.RCP                 58              0.09                58              0.35                 54               0.01
 61  J3016_1.RCP                 51              0.12                51              0.43                 51               0.01
 62  J3016_10.RCP                51              0.13                51              0.45                 51               0.01
 63  J3016_2.RCP                 48              0.27                48              0.75                 48               0.01
 64  J3016_3.RCP                 36              0.27                36              0.73                 36               0.01
 65  J3016_4.RCP                 47              0.14                47              0.47                 47               0.01
 66  J3016_5.RCP                 51              0.13                51              0.44                 51               0.01
 67  J3016_6.RCP                 51              0.10                51              0.38                 51               0.01
 68  J3016_7.RCP                 34              0.19                34              0.51                 34               0.01
 69  J3016_8.RCP                 44              0.21                44              0.61                 44               0.01
 70  J3016_9.RCP                 44              0.12                44              0.43                 44               0.01
 71  J3017_1.RCP                 66              0.23                66              0.66                 64               0.01
 72  J3017_10.RCP                81              0.18                81              0.54                 66               0.01
 73  J3017_2.RCP                 69              0.14                69              0.42                 68               0.01
 74  J3017_3.RCP                 60              0.24                60              0.66                 60               0.01
 75  J3017_4.RCP                 51              0.17                51              0.53                 49               0.01
 76  J3017_5.RCP                 52              0.38                52              0.95                 47               0.01
 77  J3017_6.RCP                 65              0.23                65              0.59                 63               0.01
 78  J3017_7.RCP                 68              0.28                68              0.61                 57               0.01
 79  J3017_8.RCP                 66              0.12                66              0.42                 61               0.01
 80  J3017_9.RCP                 57              0.27                57              0.73                 48               0.01
 81  J3018_1.RCP                 55              0.23                55              0.66                 53               0.01
 82  J3018_10.RCP                49              0.32                49              0.76                 49               0.01
 83  J3018_2.RCP                 55              0.18                55              0.53                 55               0.01
 84  J3018_3.RCP                 60              0.13                60              0.45                 56               0.01
 85  J3018_4.RCP                 70              0.20                70              0.58                 70               0.01
 86  J3018_5.RCP                 52              0.22                52              0.65                 52               0.01
 87  J3018_6.RCP                 69              0.25                69              0.68                 62               0.01
 88  J3018_7.RCP                 56              0.18                56              0.56                 48               0.01
 89  J3018_8.RCP                 52              0.17                52              0.52                 52               0.01
 90  J3018_9.RCP                 55              0.12                55              0.41                 47               0.01
 91  J3019_1.RCP                 41              0.21                41              0.61                 40               0.01
 92  J3019_10.RCP                57              0.11                57              0.44                 47               0.01
 93  J3019_2.RCP                 58              0.15                58              0.49                 58               0.01
 94  J3019_3.RCP                 91              0.13                91              0.44                 83               0.01
 95  J3019_4.RCP                 47              0.34                47              0.85                 39               0.01
 96  J3019_5.RCP                 52              0.12                52              0.43                 48               0.01
 97  J3019_6.RCP                 49              0.21                49              0.55                 49               0.01
 98  J3019_7.RCP                 57              0.22                57              0.63                 57               0.01
 99  J3019_8.RCP                 58              0.20                58              0.58                 55               0.01
100  J3019_9.RCP                 45              0.23                45              0.63                 38               0.01
101  J301_1.RCP                  49              0.14                49              0.45                 43               0.01
102  J301_10.RCP                 54              0.20                54              0.54                 45               0.01
103  J301_2.RCP                  51              0.20                51              0.60                 47               0.01
104  J301_3.RCP                  51              0.12                51              0.42                 47               0.01
105  J301_4.RCP                  73              0.32                73              0.82                 62               0.01
106  J301_5.RCP                  43              0.31                43              0.82                 39               0.01
107  J301_6.RCP                  49              0.39                49              0.97                 48               0.01
108  J301_7.RCP                  68              0.15                68              0.48                 60               0.01
109  J301_8.RCP                  56              0.48                56              1.15                 53               0.01
110  J301_9.RCP                  55              0.09                55              0.36                 49               0.01
111  J3020_1.RCP                 57              0.18                57              0.47                 57               0.01
112  J3020_10.RCP                37              0.24                37              0.66                 37               0.01
113  J3020_2.RCP                 70              0.16                70              0.51                 70               0.01
114  J3020_3.RCP                 49              0.11                49              0.40                 49               0.01
115  J3020_4.RCP                 43              0.23                43              0.60                 43               0.01
116  J3020_5.RCP                 61              0.09                61              0.35                 61               0.01
117  J3020_6.RCP                 51              0.14                51              0.46                 51               0.01
118  J3020_7.RCP                 42              0.21                42              0.60                 42               0.01
119  J3020_8.RCP                 51              0.09                51              0.35                 51               0.01
120  J3020_9.RCP                 41              0.16                41              0.54                 41               0.01
121  J3021_1.RCP                 93              0.19                93              0.56                 84               0.02
122  J3021_10.RCP                83              0.60                83              1.39                 69               0.02
123  J3021_2.RCP                 72              0.12                72              0.41                 59               0.02
124  J3021_3.RCP                 83              0.09                83              0.35                 76               0.01
125  J3021_4.RCP                 84              0.10                84              0.37                 70               0.02
126  J3021_5.RCP                 70              0.23                70              0.58                 55               0.01
127  J3021_6.RCP                 82              0.19                82              0.56                 76               0.02
128  J3021_7.RCP                 77              0.28                77              0.77                 65               0.02
129  J3021_8.RCP                 67              0.13                67              0.44                 62               0.01
130  J3021_9.RCP                 87              0.26                87              0.70                 69               0.03
131  J3022_1.RCP                 43              0.27                43              0.67                 42               0.01
132  J3022_10.RCP                62              0.23                62              0.64                 55               0.01
133  J3022_2.RCP                 57              0.11                57              0.40                 45               0.01
134  J3022_3.RCP                 63              0.20                63              0.59                 63               0.01
135  J3022_4.RCP                 53              0.23                53              0.65                 42               0.01
136  J3022_5.RCP                 58              0.20                58              0.54                 52               0.01
137  J3022_6.RCP                 61              0.19                61              0.56                 52               0.01
138  J3022_7.RCP                 69              0.20                69              0.58                 60               0.01
139  J3022_8.RCP                 60              0.24                60              0.70                 55               0.01
140  J3022_9.RCP                 76              0.17                76              0.51                 76               0.01
141  J3023_1.RCP                 63              0.25                63              0.63                 63               0.01
142  J3023_10.RCP                61              0.24                61              0.67                 61               0.01
143  J3023_2.RCP                 53              0.13                53              0.44                 53               0.01
144  J3023_3.RCP                 50              0.09                50              0.36                 46               0.01
145  J3023_4.RCP                 71              0.13                71              0.44                 65               0.01
146  J3023_5.RCP                 59              0.08                59              0.36                 52               0.01
147  J3023_6.RCP                 57              0.09                57              0.35                 48               0.01
148  J3023_7.RCP                 71              0.24                71              0.66                 60               0.01
149  J3023_8.RCP                 48              0.33                48              0.84                 48               0.01
150  J3023_9.RCP                 69              0.14                69              0.46                 63               0.01
151  J3024_1.RCP                 53              0.17                53              0.56                 53               0.01
152  J3024_10.RCP                53              0.19                53              0.57                 53               0.01
153  J3024_2.RCP                 58              0.08                58              0.34                 58               0.01
154  J3024_3.RCP                 69              0.14                69              0.46                 69               0.01
155  J3024_4.RCP                 53              0.12                53              0.41                 53               0.01
156  J3024_5.RCP                 51              0.17                51              0.52                 51               0.01
157  J3024_6.RCP                 56              0.22                56              0.65                 56               0.01
158  J3024_7.RCP                 44              0.08                44              0.37                 44               0.01
159  J3024_8.RCP                 38              0.26                38              0.71                 38               0.01
160  J3024_9.RCP                 43              0.25                43              0.68                 43               0.01
161  J3025_1.RCP                113              0.19               113              0.49                 93               0.22
162  J3025_10.RCP                75              0.14                75              0.47                 58               0.03
163  J3025_2.RCP                 89              0.31                89              0.82                 75               0.19
164  J3025_3.RCP                 92              0.36                92              0.92                 76               0.27
165  J3025_4.RCP                100              0.13               100              0.45                 81               0.33
166  J3025_5.RCP                 79              0.14                79              0.49                 72               0.22
167  J3025_6.RCP                 72              0.18                72              0.51                 58               0.13
168  J3025_7.RCP                111              0.22               111              0.64                 95               0.08
169  J3025_8.RCP                 85              0.38                85              0.94                 69               0.08
170  J3025_9.RCP                 97              0.24                97              0.66                 84               0.06
171  J3026_1.RCP                 72              0.09                72              0.36                 59               0.01
172  J3026_10.RCP                56              0.23                56              0.59                 49               0.01
173  J3026_2.RCP                 40              0.25                40              0.70                 40               0.01
174  J3026_3.RCP                 62              0.12                62              0.48                 58               0.01
175  J3026_4.RCP                 63              0.27                63              0.72                 62               0.01
176  J3026_5.RCP                 74              0.17                74              0.54                 74               0.01
177  J3026_6.RCP                 56              0.14                56              0.42                 53               0.01
178  J3026_7.RCP                 67              0.11                67              0.38                 56               0.01
179  J3026_8.RCP                 67              0.14                67              0.46                 66               0.01
180  J3026_9.RCP                 50              0.16                50              0.50                 43               0.01
181  J3027_1.RCP                 47              0.26                47              0.73                 43               0.01
182  J3027_10.RCP                62              0.21                62              0.60                 62               0.01
183  J3027_2.RCP                 58              0.24                58              0.67                 58               0.01
184  J3027_3.RCP                 66              0.13                66              0.43                 60               0.01
185  J3027_4.RCP                 75              0.08                75              0.34                 64               0.01
186  J3027_5.RCP                 61              0.19                61              0.56                 49               0.01
187  J3027_6.RCP                 71              0.13                71              0.39                 59               0.01
188  J3027_7.RCP                 55              0.26                55              0.72                 49               0.01
189  J3027_8.RCP                 84              0.17                84              0.52                 66               0.01
190  J3027_9.RCP                 58              0.28                58              0.75                 55               0.01
191  J3028_1.RCP                 69              0.20                69              0.60                 69               0.01
192  J3028_10.RCP                59              0.13                59              0.46                 59               0.01
193  J3028_2.RCP                 57              0.10                57              0.38                 57               0.01
194  J3028_3.RCP                 40              0.07                40              0.31                 40               0.01
195  J3028_4.RCP                 49              0.09                49              0.37                 49               0.01
196  J3028_5.RCP                 73              0.10                73              0.38                 73               0.01
197  J3028_6.RCP                 55              0.15                55              0.48                 55               0.01
198  J3028_7.RCP                 48              0.21                48              0.55                 48               0.01
199  J3028_8.RCP                 53              0.16                53              0.50                 53               0.01
200  J3028_9.RCP                 62              0.14                62              0.46                 62               0.01
201  J3029_1.RCP                 93              0.28                93              0.73                 85               0.14
202  J3029_10.RCP                86              0.21                86              0.61                 76               0.04
203  J3029_2.RCP                109              0.25               109              0.68                 90               0.38
204  J3029_3.RCP                 85              0.31                85              0.66                 78              19.12
205  J3029_4.RCP                118              0.60               118              1.03                103               4.51
206  J3029_5.RCP                115              0.40               115              0.72                 98               0.25
207  J3029_6.RCP                106              0.35               106              0.78                 92              10.35
208  J3029_7.RCP                 85              0.49                85              0.82                 73               0.26
209  J3029_8.RCP                 95              0.37                95              0.74                 80               4.98
210  J3029_9.RCP                114              0.67               114              1.04                 97               1.48
211  J302_1.RCP                  44              0.52                44              0.85                 38               0.01
212  J302_10.RCP                 51              0.15                51              0.48                 43               0.01
213  J302_2.RCP                  51              0.24                51              0.64                 51               0.01
214  J302_3.RCP                  44              0.25                44              0.72                 43               0.01
215  J302_4.RCP                  43              0.27                43              0.74                 43               0.01
216  J302_5.RCP                  60              0.30                60              0.78                 51               0.01
217  J302_6.RCP                  47              0.09                47              0.36                 47               0.01
218  J302_7.RCP                  48              0.19                48              0.57                 47               0.01
219  J302_8.RCP                  60              0.25                60              0.65                 54               0.01
220  J302_9.RCP                  54              0.32                54              0.83                 54               0.01
221  J3030_1.RCP                 54              0.22                54              0.64                 47               0.02
222  J3030_10.RCP                61              0.14                61              0.47                 53               0.02
223  J3030_2.RCP                 75              0.39                75              0.88                 68               0.02
224  J3030_3.RCP                 59              0.16                59              0.51                 55               0.01
225  J3030_4.RCP                 60              0.25                60              0.68                 53               0.02
226  J3030_5.RCP                 63              0.29                63              0.77                 54               0.02
227  J3030_6.RCP                 68              0.25                68              0.68                 62               0.02
228  J3030_7.RCP                 78              0.28                78              0.68                 68               0.02
229  J3030_8.RCP                 48              0.28                48              0.75                 46               0.01
230  J3030_9.RCP                 54              0.26                54              0.71                 46               0.01
231  J3031_1.RCP                 43              0.25                43              0.68                 43               0.01
232  J3031_10.RCP                59              0.39                59              0.90                 55               0.02
233  J3031_2.RCP                 63              0.14                63              0.46                 63               0.01
234  J3031_3.RCP                 60              0.17                60              0.54                 58               0.01
235  J3031_4.RCP                 50              0.15                50              0.48                 50               0.01
236  J3031_5.RCP                 58              0.23                58              0.64                 52               0.02
237  J3031_6.RCP                 54              0.16                54              0.43                 53               0.01
238  J3031_7.RCP                 66              0.24                66              0.67                 61               0.02
239  J3031_8.RCP                 61              0.30                61              0.79                 58               0.01
240  J3031_9.RCP                 56              0.27                56              0.72                 50               0.01
241  J3032_1.RCP                 61              0.10                61              0.41                 61               0.01
242  J3032_10.RCP                51              0.15                51              0.50                 51               0.01
243  J3032_2.RCP                 60              0.12                60              0.43                 60               0.01
244  J3032_3.RCP                 57              0.23                57              0.64                 57               0.01
245  J3032_4.RCP                 68              0.21                68              0.61                 68               0.01
246  J3032_5.RCP                 54              0.21                54              0.63                 54               0.01
247  J3032_6.RCP                 44              0.20                44              0.58                 44               0.01
248  J3032_7.RCP                 35              0.20                35              0.59                 35               0.01
249  J3032_8.RCP                 54              0.20                54              0.58                 54               0.01
250  J3032_9.RCP                 65              0.12                65              0.43                 65               0.01
251  J3033_1.RCP                 66              0.32                66              0.78                 65               0.01
252  J3033_10.RCP                53              0.15                53              0.49                 53               0.01
253  J3033_2.RCP                 68              0.20                68              0.60                 60               0.01
254  J3033_3.RCP                 58              0.23                58              0.65                 55               0.01
255  J3033_4.RCP                 82              0.18                82              0.59                 77               0.01
256  J3033_5.RCP                 62              0.16                62              0.52                 53               0.01
257  J3033_6.RCP                 59              0.11                59              0.42                 59               0.01
258  J3033_7.RCP                 61              0.13                61              0.45                 58               0.01
259  J3033_8.RCP                 76              0.23                76              0.64                 61               0.01
260  J3033_9.RCP                 81              0.18                81              0.53                 65               0.01
261  J3034_1.RCP                 68              0.21                68              0.56                 68               0.01
262  J3034_10.RCP                48              0.19                48              0.57                 47               0.01
263  J3034_2.RCP                 44              0.21                44              0.60                 44               0.01
264  J3034_3.RCP                 70              0.18                70              0.56                 69               0.01
265  J3034_4.RCP                 75              0.14                75              0.49                 67               0.01
266  J3034_5.RCP                 63              0.15                63              0.48                 63               0.01
267  J3034_6.RCP                 56              0.21                56              0.60                 52               0.01
268  J3034_7.RCP                 64              0.13                64              0.45                 58               0.01
269  J3034_8.RCP                 58              0.09                58              0.36                 58               0.01
270  J3034_9.RCP                 60              0.20                60              0.61                 60               0.01
271  J3035_1.RCP                 58              0.18                58              0.53                 57               0.01
272  J3035_10.RCP                59              0.10                59              0.40                 59               0.01
273  J3035_2.RCP                 53              0.15                53              0.48                 53               0.01
274  J3035_3.RCP                 64              0.12                64              0.43                 60               0.01
275  J3035_4.RCP                 56              0.19                56              0.55                 50               0.01
276  J3035_5.RCP                 64              0.14                64              0.46                 60               0.01
277  J3035_6.RCP                 65              0.27                65              0.67                 58               0.01
278  J3035_7.RCP                 63              0.15                63              0.49                 61               0.01
279  J3035_8.RCP                 63              0.26                63              0.70                 63               0.01
280  J3035_9.RCP                 65              0.14                65              0.47                 59               0.01
281  J3036_1.RCP                 66              0.13                66              0.43                 66               0.01
282  J3036_10.RCP                59              0.13                59              0.39                 59               0.01
283  J3036_2.RCP                 44              0.09                44              0.36                 44               0.01
284  J3036_3.RCP                 61              0.12                61              0.42                 61               0.01
285  J3036_4.RCP                 59              0.16                59              0.54                 59               0.01
286  J3036_5.RCP                 64              0.18                64              0.56                 64               0.01
287  J3036_6.RCP                 46              0.18                46              0.56                 46               0.01
288  J3036_7.RCP                 56              0.16                56              0.47                 56               0.01
289  J3036_8.RCP                 63              0.07                63              0.33                 63               0.01
290  J3036_9.RCP                 59              0.10                59              0.39                 59               0.01
291  J3037_1.RCP                 84              0.41                84              1.01                 79               0.03
292  J3037_10.RCP                98              0.22                98              0.63                 81               0.01
293  J3037_2.RCP                 71              0.26                71              0.74                 69               0.01
294  J3037_3.RCP                 94              0.17                94              0.52                 81               0.02
295  J3037_4.RCP                 93              0.35                93              0.90                 83               0.02
296  J3037_5.RCP                 94              0.34                94              0.86                 80               0.02
297  J3037_6.RCP                 83              0.23                83              0.64                 73               0.02
298  J3037_7.RCP                 95              0.28                95              0.78                 92               0.04
299  J3037_8.RCP                 85              0.17                85              0.54                 72               0.02
300  J3037_9.RCP                 60              0.14                60              0.47                 57               0.02
301  J3038_1.RCP                 50              0.25                50              0.55                 48               0.01
302  J3038_10.RCP                60              0.21                60              0.61                 60               0.01
303  J3038_2.RCP                 58              0.15                58              0.53                 54               0.01
304  J3038_3.RCP                 64              0.17                64              0.52                 59               0.01
305  J3038_4.RCP                 66              0.35                66              0.88                 59               0.01
306  J3038_5.RCP                 76              0.41                76              1.01                 71               0.01
307  J3038_6.RCP                 73              0.31                73              0.80                 63               0.01
308  J3038_7.RCP                 70              0.16                70              0.50                 65               0.01
309  J3038_8.RCP                 64              0.19                64              0.51                 61               0.01
310  J3038_9.RCP                 65              0.26                65              0.71                 63               0.01
311  J3039_1.RCP                 59              0.18                59              0.55                 55               0.01
312  J3039_10.RCP                60              0.15                60              0.48                 60               0.01
313  J3039_2.RCP                 54              0.14                54              0.48                 54               0.01
314  J3039_3.RCP                 60              0.23                60              0.61                 54               0.01
315  J3039_4.RCP                 54              0.32                54              0.82                 53               0.01
316  J3039_5.RCP                 57              0.20                57              0.59                 55               0.01
317  J3039_6.RCP                 71              0.15                71              0.48                 69               0.01
318  J3039_7.RCP                 56              0.12                56              0.46                 56               0.01
319  J3039_8.RCP                 67              0.10                67              0.38                 67               0.01
320  J3039_9.RCP                 65              0.15                65              0.49                 64               0.01
321  J303_1.RCP                  88              0.11                88              0.41                 72               0.01
322  J303_10.RCP                 60              0.20                60              0.57                 59               0.01
323  J303_2.RCP                  40              0.23                40              0.65                 40               0.01
324  J303_3.RCP                  57              0.19                57              0.51                 57               0.01
325  J303_4.RCP                  98              0.09                98              0.35                 98               0.01
326  J303_5.RCP                  53              0.21                53              0.61                 53               0.01
327  J303_6.RCP                  54              0.20                54              0.58                 54               0.01
328  J303_7.RCP                  48              0.13                48              0.45                 48               0.01
329  J303_8.RCP                  54              0.11                54              0.41                 54               0.01
330  J303_9.RCP                  65              0.17                65              0.46                 65               0.01
331  J3040_1.RCP                 51              0.31                51              0.79                 51               0.01
332  J3040_10.RCP                51              0.29                51              0.76                 51               0.01
333  J3040_2.RCP                 56              0.20                56              0.53                 56               0.01
334  J3040_3.RCP                 57              0.21                57              0.59                 57               0.01
335  J3040_4.RCP                 57              0.07                57              0.32                 57               0.01
336  J3040_5.RCP                 65              0.21                65              0.61                 65               0.01
337  J3040_6.RCP                 60              0.08                60              0.33                 60               0.01
338  J3040_7.RCP                 46              0.28                46              0.68                 46               0.01
339  J3040_8.RCP                 57              0.21                57              0.61                 57               0.01
340  J3040_9.RCP                 64              0.24                64              0.67                 64               0.01
341  J3041_1.RCP                 99              0.23                99              0.65                 86               0.03
342  J3041_10.RCP               119              0.30               119              0.73                 99               0.61
343  J3041_2.RCP                 97              0.20                97              0.56                 89               0.11
344  J3041_3.RCP                105              0.18               105              0.55                 85               0.03
345  J3041_4.RCP                 98              0.22                98              0.62                 78               0.06
346  J3041_5.RCP                112              0.30               112              0.79                 99               0.04
347  J3041_6.RCP                108              0.19               108              0.58                103               0.25
348  J3041_7.RCP                103              0.28               103              0.75                 92               0.08
349  J3041_8.RCP                103              0.18               103              0.54                 88               0.17
350  J3041_9.RCP                109              0.23               109              0.65                 92               0.06
351  J3042_1.RCP                 63              0.21                63              0.60                 58               0.01
352  J3042_10.RCP                78              0.18                78              0.55                 75               0.01
353  J3042_2.RCP                 56              0.17                56              0.46                 50               0.02
354  J3042_3.RCP                 69              0.25                69              0.69                 60               0.01
355  J3042_4.RCP                 54              0.18                54              0.54                 49               0.02
356  J3042_5.RCP                 62              0.15                62              0.49                 52               0.01
357  J3042_6.RCP                 72              0.16                72              0.51                 66               0.01
358  J3042_7.RCP                 71              0.30                71              0.73                 66               0.01
359  J3042_8.RCP                 87              0.15                87              0.47                 82               0.01
360  J3042_9.RCP                 67              0.23                67              0.65                 60               0.02
361  J3043_1.RCP                 59              0.27                59              0.77                 55               0.02
362  J3043_10.RCP                62              0.17                62              0.53                 60               0.01
363  J3043_2.RCP                 51              0.18                51              0.56                 43               0.01
364  J3043_3.RCP                 65              0.10                65              0.37                 57               0.01
365  J3043_4.RCP                 72              0.22                72              0.64                 67               0.01
366  J3043_5.RCP                 75              0.26                75              0.69                 64               0.01
367  J3043_6.RCP                 65              0.16                65              0.43                 58               0.01
368  J3043_7.RCP                 57              0.13                57              0.45                 52               0.01
369  J3043_8.RCP                 67              0.22                67              0.63                 62               0.02
370  J3043_9.RCP                 58              0.17                58              0.54                 57               0.01
371  J3044_1.RCP                 50              0.18                50              0.55                 50               0.01
372  J3044_10.RCP                63              0.18                63              0.49                 63               0.01
373  J3044_2.RCP                 54              0.29                54              0.76                 54               0.01
374  J3044_3.RCP                 51              0.15                51              0.49                 51               0.01
375  J3044_4.RCP                 57              0.24                57              0.67                 57               0.01
376  J3044_5.RCP                 55              0.26                55              0.64                 55               0.01
377  J3044_6.RCP                 56              0.10                56              0.39                 56               0.01
378  J3044_7.RCP                 42              0.27                42              0.72                 42               0.01
379  J3044_8.RCP                 49              0.19                49              0.56                 49               0.01
380  J3044_9.RCP                 64              0.23                64              0.59                 64               0.01
381  J3045_1.RCP                 97              0.22                97              0.62                 82               0.37
382  J3045_10.RCP               109              0.25               109              0.68                 90               0.16
383  J3045_2.RCP                140              0.14               140              0.45                125               2.37
384  J3045_3.RCP                106              0.22               106              0.58                 92               0.05
385  J3045_4.RCP                100              0.26               100              0.70                 84               0.05
386  J3045_5.RCP                102              0.24               102              0.61                 86               0.10
387  J3045_6.RCP                157              0.26               157              0.71                129               5.08
388  J3045_7.RCP                116              0.32               116              0.70                101               0.09
389  J3045_8.RCP                102              0.32               102              0.81                 94               0.18
390  J3045_9.RCP                 94              0.25                94              0.64                 82               0.09
391  J3046_1.RCP                 68              0.21                68              0.60                 59               0.02
392  J3046_10.RCP                67              0.16                67              0.46                 55               0.02
393  J3046_2.RCP                 71              0.20                71              0.59                 67               0.02
394  J3046_3.RCP                 71              0.35                71              0.88                 65               0.02
395  J3046_4.RCP                 70              0.22                70              0.62                 64               0.02
396  J3046_5.RCP                 63              0.19                63              0.59                 57               0.02
397  J3046_6.RCP                 65              0.23                65              0.66                 59               0.02
398  J3046_7.RCP                 68              0.23                68              0.65                 59               0.05
399  J3046_8.RCP                 65              0.13                65              0.44                 58               0.02
400  J3046_9.RCP                 53              0.15                53              0.49                 49               0.01
401  J3047_1.RCP                 65              0.18                65              0.49                 58               0.01
402  J3047_10.RCP                65              0.32                65              0.82                 60               0.01
403  J3047_2.RCP                 59              0.16                59              0.50                 59               0.01
404  J3047_3.RCP                 59              0.27                59              0.72                 55               0.01
405  J3047_4.RCP                 54              0.14                54              0.46                 49               0.01
406  J3047_5.RCP                 50              0.29                50              0.71                 47               0.01
407  J3047_6.RCP                 60              0.28                60              0.74                 53               0.02
408  J3047_7.RCP                 69              0.19                69              0.55                 66               0.01
409  J3047_8.RCP                 56              0.24                56              0.67                 48               0.01
410  J3047_9.RCP                 69              0.18                69              0.54                 65               0.01
411  J3048_1.RCP                 63              0.12                63              0.37                 63               0.01
412  J3048_10.RCP                54              0.21                54              0.61                 54               0.02
413  J3048_2.RCP                 54              0.14                54              0.47                 54               0.01
414  J3048_3.RCP                 50              0.10                50              0.37                 50               0.01
415  J3048_4.RCP                 57              0.13                57              0.45                 57               0.01
416  J3048_5.RCP                 58              0.18                58              0.57                 58               0.01
417  J3048_6.RCP                 58              0.11                58              0.40                 58               0.01
418  J3048_7.RCP                 55              0.19                55              0.56                 55               0.01
419  J3048_8.RCP                 44              0.19                44              0.56                 44               0.01
420  J3048_9.RCP                 59              0.16                59              0.51                 59               0.01
421  J304_1.RCP                  49              0.17                49              0.47                 49               0.01
422  J304_10.RCP                 48              0.09                48              0.36                 48               0.01
423  J304_2.RCP                  60              0.16                60              0.51                 60               0.01
424  J304_3.RCP                  47              0.15                47              0.48                 47               0.01
425  J304_4.RCP                  57              0.18                57              0.54                 57               0.01
426  J304_5.RCP                  59              0.13                59              0.46                 59               0.01
427  J304_6.RCP                  45              0.15                45              0.49                 45               0.01
428  J304_7.RCP                  56              0.12                56              0.41                 56               0.01
429  J304_8.RCP                  55              0.11                55              0.40                 55               0.01
430  J304_9.RCP                  38              0.15                38              0.49                 38               0.01
431  J305_1.RCP                  62              0.26                62              0.74                 53               0.01
432  J305_10.RCP                 76              0.37                76              0.92                 70               0.02
433  J305_2.RCP                  85              0.17                85              0.52                 82               0.02
434  J305_3.RCP                  91              0.27                91              0.72                 76               0.04
435  J305_4.RCP                  70              0.30                70              0.79                 63               0.02
436  J305_5.RCP                  91              0.17                91              0.51                 76               0.01
437  J305_6.RCP                  71              0.18                71              0.54                 64               0.01
438  J305_7.RCP                  99              0.36                99              0.85                 76               0.02
439  J305_8.RCP                  73              0.40                73              0.98                 67               0.02
440  J305_9.RCP                  55              0.23                55              0.65                 49               0.01
441  J306_1.RCP                  64              0.33                64              0.84                 59               0.01
442  J306_10.RCP                 74              0.18                74              0.56                 61               0.01
443  J306_2.RCP                  65              0.18                65              0.54                 51               0.01
444  J306_3.RCP                  53              0.17                53              0.52                 48               0.01
445  J306_4.RCP                  45              0.31                45              0.80                 42               0.01
446  J306_5.RCP                  76              0.31                76              0.80                 67               0.01
447  J306_6.RCP                  47              0.11                47              0.42                 37               0.01
448  J306_7.RCP                  57              0.41                57              1.00                 46               0.01
449  J306_8.RCP                  47              0.28                47              0.75                 39               0.01
450  J306_9.RCP                  62              0.10                62              0.37                 51               0.01
451  J307_1.RCP                  55              0.20                55              0.59                 55               0.01
452  J307_10.RCP                 50              0.25                50              0.71                 49               0.01
453  J307_2.RCP                  42              0.48                42              1.15                 42               0.01
454  J307_3.RCP                  49              0.14                49              0.47                 42               0.01
455  J307_4.RCP                  44              0.16                44              0.51                 44               0.01
456  J307_5.RCP                  49              0.29                49              0.79                 44               0.01
457  J307_6.RCP                  36              0.13                36              0.43                 35               0.01
458  J307_7.RCP                  61              0.24                61              0.66                 50               0.01
459  J307_8.RCP                  50              0.39                50              0.97                 44               0.01
460  J307_9.RCP                  60              0.16                60              0.50                 60               0.01
461  J308_1.RCP                  44              0.15                44              0.51                 44               0.01
462  J308_10.RCP                 67              0.10                67              0.37                 67               0.01
463  J308_2.RCP                  51              0.19                51              0.56                 51               0.01
464  J308_3.RCP                  53              0.08                53              0.34                 53               0.01
465  J308_4.RCP                  48              0.16                48              0.51                 48               0.01
466  J308_5.RCP                  58              0.14                58              0.46                 58               0.01
467  J308_6.RCP                  47              0.22                47              0.66                 47               0.01
468  J308_7.RCP                  41              0.15                41              0.49                 41               0.01
469  J308_8.RCP                  51              0.23                51              0.65                 51               0.01
470  J308_9.RCP                  39              0.08                39              0.36                 39               0.01
471  J309_1.RCP                 100              0.58               100              1.33                 83               0.02
472  J309_10.RCP                101              0.38               101              0.97                 88               0.18
473  J309_2.RCP                 109              0.36               109              0.88                 92               1.69
474  J309_3.RCP                  90              0.37                90              0.77                 68               0.02
475  J309_4.RCP                  79              0.22                79              0.61                 71               0.06
476  J309_5.RCP                  78              0.12                78              0.43                 70               0.02
477  J309_6.RCP                  69              0.19                69              0.57                 59               0.05
478  J309_7.RCP                  75              0.44                75              1.00                 63               0.10
479  J309_8.RCP                 104              0.29               104              0.77                 91               0.07
480  J309_9.RCP                  75              0.18                75              0.55                 63               0.15

Aggregates:
---------------------------------------------------------------
Solver      Median Gap  Mean Gap  % Wins vs Native  % <= 5% Gap
---------------------------------------------------------------
Native B&B        7.0%      8.1%                 -          46%
Policy B&B        7.0%      8.1%                0%          46%
Gaps measured relative to OR-Tools solutions when available.
Policy vs Native record: W=0, L=0, T=480 (wins/all=0.0%, wins/no-ties=-, ties=100.0%)
Success rates: Native success: 100.0%, Policy success: 100.0%, OR-Tools success: 100.0%

Note: columns labelled '(policy)' were generated using the trained policy;
columns without the suffix come from the native B&B branching.
Note: columns labelled '(ortools)' were solved via OR-Tools CP-SAT (may be optimal or best-found).