Benchmark-style summary (native vs policy-guided)
-----------------------------------------------------------------------------------------
  #  Instance      Makespan(native)  CPU-Time[native]  Makespan(policy)  CPU-Time[policy]
-----------------------------------------------------------------------------------------
  1  J6010_1.RCP                102              0.29               100              0.60
  2  J6010_10.RCP                86              0.29                88              0.61
  3  J6010_2.RCP                 86              0.39                79              0.73
  4  J6010_3.RCP                 95              0.57                94              0.66
  5  J6010_4.RCP                100              0.18                94              0.54
  6  J6010_5.RCP                 99              0.18                97              0.48
  7  J6010_6.RCP                 88              0.19                84              0.59
  8  J6010_7.RCP                 93              0.40                84              1.34
  9  J6010_8.RCP                108              0.22                92              0.97
 10  J6010_9.RCP                103              0.26                96              0.80
 11  J6011_1.RCP                 77              0.35                86              0.64
 12  J6011_10.RCP                74              0.21                69              0.78
 13  J6011_2.RCP                 68              0.50                68              1.06
 14  J6011_3.RCP                 88              0.34                80              1.00
 15  J6011_4.RCP                 83              0.21                87              0.62
 16  J6011_5.RCP                 69              0.60                76              1.11
 17  J6011_6.RCP                 78              0.45                77              0.85
 18  J6011_7.RCP                 71              0.35                76              0.85
 19  J6011_8.RCP                 71              0.24                74              0.59
 20  J6011_9.RCP                 76              0.22                71              0.63
 21  J6012_1.RCP                 59              0.36                59              0.85
 22  J6012_10.RCP                79              0.18                79              0.53
 23  J6012_2.RCP                 58              0.13                58              0.41
 24  J6012_3.RCP                 75              0.18                75              0.52
 25  J6012_4.RCP                 69              0.24                69              0.83
 26  J6012_5.RCP                 63              0.40                63              0.93
 27  J6012_6.RCP                 54              0.47                54              1.05
 28  J6012_7.RCP                 71              0.26                71              0.69
 29  J6012_8.RCP                 60              0.18                60              0.46
 30  J6012_9.RCP                 59              0.40                59              0.82
 31  J6013_1.RCP                151              0.50               147              1.08
 32  J6013_10.RCP               157              0.29               155              0.81
 33  J6013_2.RCP                143              0.22               139              0.43
 34  J6013_3.RCP                131              0.16               114              1.32
 35  J6013_4.RCP                141              0.38               139              0.97
 36  J6013_5.RCP                126              0.56               128              1.18
 37  J6013_6.RCP                136              0.51               130              0.90
 38  J6013_7.RCP                118              0.22               120              0.48
 39  J6013_8.RCP                166              0.30               156              0.90
 40  J6013_9.RCP                134              0.62               136              1.57
 41  J6014_1.RCP                 88              0.31                84              0.94
 42  J6014_10.RCP                92              0.31                97              0.66
 43  J6014_2.RCP                 90              0.22                79              0.85
 44  J6014_3.RCP                 81              0.22                81              0.54
 45  J6014_4.RCP                 89              0.30                87              1.06
 46  J6014_5.RCP                 71              0.75                81              1.05
 47  J6014_6.RCP                 79              0.22                77              0.67
 48  J6014_7.RCP                 90              0.33                90              0.91
 49  J6014_8.RCP                107              0.15                91              0.45
 50  J6014_9.RCP                 81              0.29                73              1.04
 51  J6015_1.RCP                101              0.18                84              0.56
 52  J6015_10.RCP                63              0.23                62              0.63
 53  J6015_2.RCP                 99              0.19               104              0.52
 54  J6015_3.RCP                 78              0.21                72              1.06
 55  J6015_4.RCP                 92              0.23                78              0.90
 56  J6015_5.RCP                 89              0.21                74              1.02
 57  J6015_6.RCP                 88              0.41                88              0.96
 58  J6015_7.RCP                 68              0.25                74              0.58
 59  J6015_8.RCP                 79              0.23                80              0.67
 60  J6015_9.RCP                 73              0.34                72              0.74
 61  J6016_1.RCP                 64              0.32                64              0.87
 62  J6016_10.RCP                68              0.35                68              0.96
 63  J6016_2.RCP                 64              0.16                64              0.52
 64  J6016_3.RCP                 53              0.29                53              0.73
 65  J6016_4.RCP                 60              0.35                60              0.86
 66  J6016_5.RCP                 66              0.20                66              0.52
 67  J6016_6.RCP                 66              0.52                66              1.07
 68  J6016_7.RCP                 82              0.14                82              0.50
 69  J6016_8.RCP                 68              0.14                68              0.52
 70  J6016_9.RCP                 54              0.27                54              0.69
 71  J6017_1.RCP                110              0.29                91              0.77
 72  J6017_10.RCP               100              0.35               135              0.74
 73  J6017_2.RCP                 93              0.28                82              1.15
 74  J6017_3.RCP                121              0.21               119              0.57
 75  J6017_4.RCP                 73              0.68                79              0.61
 76  J6017_5.RCP                 73              0.34                89              0.48
 77  J6017_6.RCP                 93              0.25                85              0.78
 78  J6017_7.RCP                112              0.54               116              1.10
 79  J6017_8.RCP                113              0.24               103              0.82
 80  J6017_9.RCP                101              0.35                99              0.86
 81  J6018_1.RCP                 97              0.26                85              0.98
 82  J6018_10.RCP               107              0.30               106              0.86
 83  J6018_2.RCP                 72              0.47                76              1.04
 84  J6018_3.RCP                 87              0.21                91              0.68
 85  J6018_4.RCP                 87              0.16                78              0.95
 86  J6018_5.RCP                 80              0.26                80              0.73
 87  J6018_6.RCP                 61              0.42                69              0.82
 88  J6018_7.RCP                 99              0.44                97              0.98
 89  J6018_8.RCP                 78              0.58                78              1.25
 90  J6018_9.RCP                 83              0.16                91              0.51
 91  J6019_1.RCP                 66              0.19                73              0.50
 92  J6019_10.RCP                85              0.38                80              1.06
 93  J6019_2.RCP                 90              0.40                90              1.02
 94  J6019_3.RCP                 83              0.19                84              0.74
 95  J6019_4.RCP                 77              0.23                67              0.61
 96  J6019_5.RCP                 80              0.21                76              0.59
 97  J6019_6.RCP                 79              0.32                79              0.62
 98  J6019_7.RCP                 60              0.47                64              1.05
 99  J6019_8.RCP                 90              0.24               101              0.61
100  J6019_9.RCP                 82              0.50                80              1.28
101  J601_1.RCP                 117              0.57                88              1.06
102  J601_10.RCP                 88              0.65               108              0.90
103  J601_2.RCP                  83              0.24               102              0.55
104  J601_3.RCP                 101              0.25                81              0.72
105  J601_4.RCP                  99              0.25               106              0.71
106  J601_5.RCP                 111              0.17                83              0.64
107  J601_6.RCP                  89              0.41                85              1.31
108  J601_7.RCP                  83              0.21                86              1.34
109  J601_8.RCP                 106              0.27               103              0.68
110  J601_9.RCP                 108              0.29               104              0.83
111  J6020_1.RCP                 60              0.59                60              1.28
112  J6020_10.RCP                70              0.16                70              0.53
113  J6020_2.RCP                 78              0.17                78              0.52
114  J6020_3.RCP                 69              0.38                69              0.98
115  J6020_4.RCP                 86              0.23                86              0.63
116  J6020_5.RCP                 71              0.17                71              0.58
117  J6020_6.RCP                 97              0.19                97              0.66
118  J6020_7.RCP                 74              0.22                74              0.56
119  J6020_8.RCP                 65              0.26                65              0.83
120  J6020_9.RCP                 74              0.59                74              1.34
121  J6021_1.RCP                152              0.15               120              0.85
122  J6021_10.RCP               117              0.50               109              1.06
123  J6021_2.RCP                172              0.49               161              1.60
124  J6021_3.RCP                134              0.51               126              0.81
125  J6021_4.RCP                140              0.31               146              0.76
126  J6021_5.RCP                113              0.64               124              0.69
127  J6021_6.RCP                117              0.23               120              0.94
128  J6021_7.RCP                153              0.19               147              0.76
129  J6021_8.RCP                147              0.31               137              0.80
130  J6021_9.RCP                136              0.39               137              0.99
131  J6022_1.RCP                 78              0.39                75              1.06
132  J6022_10.RCP                87              0.31                94              0.83
133  J6022_2.RCP                 98              0.21               108              0.55
134  J6022_3.RCP                 94              0.13                86              0.42
135  J6022_4.RCP                 98              0.30                98              0.65
136  J6022_5.RCP                 97              0.46                82              1.73
137  J6022_6.RCP                 92              0.30                97              1.29
138  J6022_7.RCP                 88              0.34                83              1.07
139  J6022_8.RCP                 71              0.75                72              1.22
140  J6022_9.RCP                 81              0.29                84              0.75
141  J6023_1.RCP                 87              0.44                79              0.88
142  J6023_10.RCP                69              0.12                76              0.41
143  J6023_2.RCP                 87              0.43                69              1.29
144  J6023_3.RCP                 87              0.25                99              0.77
145  J6023_4.RCP                 95              0.21                83              1.24
146  J6023_5.RCP                 76              0.45                81              0.62
147  J6023_6.RCP                 85              0.18                88              0.50
148  J6023_7.RCP                 79              0.53                66              1.34
149  J6023_8.RCP                 72              0.27                72              0.70
150  J6023_9.RCP                 77              0.24                66              0.96
151  J6024_1.RCP                 65              0.47                65              1.08
152  J6024_10.RCP                66              0.39                66              0.92
153  J6024_2.RCP                 55              0.22                55              0.58
154  J6024_3.RCP                 67              0.47                67              1.08
155  J6024_4.RCP                 78              0.44                78              0.93
156  J6024_5.RCP                 76              0.16                76              0.51
157  J6024_6.RCP                 75              0.13                75              0.44
158  J6024_7.RCP                 68              0.23                68              0.70
159  J6024_8.RCP                 81              0.19                81              0.53
160  J6024_9.RCP                 80              0.31                80              0.66
161  J6025_1.RCP                148              0.39               154              0.92
162  J6025_10.RCP               150              0.18               140              0.76
163  J6025_2.RCP                148              0.41               141              0.94
164  J6025_3.RCP                160              0.26               147              0.61
165  J6025_4.RCP                155              0.42               152              0.80
166  J6025_5.RCP                130              0.74               120              0.88
167  J6025_6.RCP                164              0.21               151              0.56
168  J6025_7.RCP                127              0.32               119              0.81
169  J6025_8.RCP                149              0.44               130              0.91
170  J6025_9.RCP                139              0.35               126              1.57
171  J6026_1.RCP                107              0.19               103              0.59
172  J6026_10.RCP               115              0.34                95              0.46
173  J6026_2.RCP                 77              0.34                89              0.72
174  J6026_3.RCP                100              0.41                89              1.22
175  J6026_4.RCP                 80              0.16                86              0.50
176  J6026_5.RCP                 71              0.48                76              0.65
177  J6026_6.RCP                 92              0.39                92              0.87
178  J6026_7.RCP                105              0.19                82              0.59
179  J6026_8.RCP                 99              0.41                99              0.63
180  J6026_9.RCP                 75              0.60                82              0.90
181  J6027_1.RCP                117              0.26               106              0.77
182  J6027_10.RCP                63              0.23                63              0.56
183  J6027_2.RCP                 96              0.60                92              0.78
184  J6027_3.RCP                 93              0.42                84              0.68
185  J6027_4.RCP                 73              0.26                78              0.67
186  J6027_5.RCP                 78              0.24                86              0.56
187  J6027_6.RCP                 67              0.34                73              0.87
188  J6027_7.RCP                 91              0.44                83              1.07
189  J6027_8.RCP                100              0.21                88              0.93
190  J6027_9.RCP                 79              0.20                92              0.49
191  J6028_1.RCP                 92              0.22                92              0.73
192  J6028_10.RCP                74              0.46                74              1.02
193  J6028_2.RCP                 64              0.43                64              0.99
194  J6028_3.RCP                 72              0.15                72              0.49
195  J6028_4.RCP                 84              0.13                84              0.48
196  J6028_5.RCP                 71              0.22                71              0.58
197  J6028_6.RCP                 89              0.18                89              0.51
198  J6028_7.RCP                 75              0.32                75              0.70
199  J6028_8.RCP                 62              0.52                62              1.23
200  J6028_9.RCP                 74              0.23                74              0.63
201  J6029_1.RCP                145              0.15               133              0.60
202  J6029_10.RCP               179              0.30               147              1.10
203  J6029_2.RCP                171              0.42               178              0.55
204  J6029_3.RCP                168              0.40               156              1.19
205  J6029_4.RCP                170              0.39               179              0.91
206  J6029_5.RCP                161              0.23               148              1.11
207  J6029_6.RCP                217              0.32               208              0.68
208  J6029_7.RCP                154              0.25               155              1.17
209  J6029_8.RCP                131              0.34               120              0.86
210  J6029_9.RCP                160              0.17               142              0.92
211  J602_1.RCP                  78              0.40                79              0.86
212  J602_10.RCP                 80              0.23                71              1.06
213  J602_2.RCP                 102              0.23               102              0.66
214  J602_3.RCP                  82              0.39                78              0.90
215  J602_4.RCP                  93              0.26                91              0.84
216  J602_5.RCP                  59              0.71                57              1.30
217  J602_6.RCP                  79              0.29                68              0.81
218  J602_7.RCP                  64              0.57                63              0.94
219  J602_8.RCP                  77              0.25                70              0.90
220  J602_9.RCP                  85              0.21                82              0.58
221  J6030_1.RCP                 93              0.22               100              0.59
222  J6030_10.RCP               107              0.33               112              0.82
223  J6030_2.RCP                 89              0.43                82              1.34
224  J6030_3.RCP                103              0.20               102              0.66
225  J6030_4.RCP                 87              0.22                87              0.68
226  J6030_5.RCP                 94              0.23                99              0.92
227  J6030_6.RCP                 89              0.20                89              0.64
228  J6030_7.RCP                103              0.29               112              0.57
229  J6030_8.RCP                 78              0.20                85              0.47
230  J6030_9.RCP                124              0.23               117              0.93
231  J6031_1.RCP                 76              0.30                65              0.80
232  J6031_10.RCP                64              0.41                64              0.75
233  J6031_2.RCP                 89              0.33                84              0.84
234  J6031_3.RCP                 76              0.35                79              0.74
235  J6031_4.RCP                 84              0.39                78              1.19
236  J6031_5.RCP                 85              0.25                72              0.65
237  J6031_6.RCP                 80              0.62                80              1.60
238  J6031_7.RCP                 85              0.29                85              0.80
239  J6031_8.RCP                 87              0.29                84              0.53
240  J6031_9.RCP                 86              0.33                86              0.85
241  J6032_1.RCP                 69              0.19                69              0.56
242  J6032_10.RCP                77              0.23                77              0.56
243  J6032_2.RCP                114              0.17               114              0.68
244  J6032_3.RCP                 85              0.52                85              1.25
245  J6032_4.RCP                 56              0.49                56              1.09
246  J6032_5.RCP                 77              0.17                77              0.51
247  J6032_6.RCP                 93              0.32                93              1.01
248  J6032_7.RCP                 76              0.15                76              0.54
249  J6032_8.RCP                 76              0.22                76              0.68
250  J6032_9.RCP                 74              0.44                74              1.04
251  J6033_1.RCP                148              0.37               119              0.74
252  J6033_10.RCP                97              0.28                97              0.72
253  J6033_2.RCP                112              0.40               104              0.98
254  J6033_3.RCP                 91              0.34               116              0.72
255  J6033_4.RCP                104              0.22               109              0.60
256  J6033_5.RCP                140              0.43               140              1.11
257  J6033_6.RCP                 94              0.45                91              1.27
258  J6033_7.RCP                 99              0.36                87              0.78
259  J6033_8.RCP                115              0.29                95              0.86
260  J6033_9.RCP                131              0.37               124              0.79
261  J6034_1.RCP                 77              0.14                86              0.85
262  J6034_10.RCP               105              0.35               105              0.63
263  J6034_2.RCP                 92              0.18                92              0.53
264  J6034_3.RCP                 69              0.34                73              0.85
265  J6034_4.RCP                 96              0.15                93              0.81
266  J6034_5.RCP                 81              0.26                92              0.72
267  J6034_6.RCP                 87              0.40                92              1.27
268  J6034_7.RCP                 92              0.56                88              0.97
269  J6034_8.RCP                 77              0.94                75              0.61
270  J6034_9.RCP                 84              0.54                83              0.84
271  J6035_1.RCP                 90              0.19                90              0.53
272  J6035_10.RCP               101              0.30                86              0.63
273  J6035_2.RCP                 93              0.28                91              1.14
274  J6035_3.RCP                102              0.27               106              0.73
275  J6035_4.RCP                 85              0.25                74              0.83
276  J6035_5.RCP                 78              0.51                83              0.56
277  J6035_6.RCP                 91              0.31                88              0.86
278  J6035_7.RCP                 85              0.59                94              1.16
279  J6035_8.RCP                105              0.57                93              0.60
280  J6035_9.RCP                 84              0.51                91              0.95
281  J6036_1.RCP                 61              0.26                61              0.72
282  J6036_10.RCP                77              0.34                77              0.91
283  J6036_2.RCP                 75              0.32                75              0.82
284  J6036_3.RCP                 81              0.24                81              0.68
285  J6036_4.RCP                 85              0.15                85              0.48
286  J6036_5.RCP                 57              0.20                57              0.60
287  J6036_6.RCP                 76              0.32                76              0.78
288  J6036_7.RCP                 71              0.34                71              0.94
289  J6036_8.RCP                 69              0.33                69              0.83
290  J6036_9.RCP                 86              0.22                86              0.46
291  J6037_1.RCP                125              0.35               123              0.75
292  J6037_10.RCP               142              0.44               132              0.64
293  J6037_2.RCP                125              0.30               128              0.62
294  J6037_3.RCP                209              0.31               185              0.86
295  J6037_4.RCP                144              0.23               131              0.87
296  J6037_5.RCP                132              0.37               129              0.58
297  J6037_6.RCP                144              0.38               130              1.11
298  J6037_7.RCP                157              0.37               156              1.20
299  J6037_8.RCP                140              0.23               124              1.11
300  J6037_9.RCP                131              0.35               160              0.90
301  J6038_1.RCP                 92              0.28                92              0.81
302  J6038_10.RCP                90              0.20                80              1.06
303  J6038_2.RCP                105              0.28                98              1.18
304  J6038_3.RCP                 95              0.46                91              0.95
305  J6038_4.RCP                 84              0.29                84              0.55
306  J6038_5.RCP                120              0.24               103              0.88
307  J6038_6.RCP                105              0.57                96              0.86
308  J6038_7.RCP                 91              0.56                91              1.28
309  J6038_8.RCP                 98              0.29                97              0.93
310  J6038_9.RCP                 80              0.15                87              0.50
311  J6039_1.RCP                 88              0.33                86              0.92
312  J6039_10.RCP                85              0.15                79              0.75
313  J6039_2.RCP                100              0.42                89              1.09
314  J6039_3.RCP                 95              0.18                88              0.55
315  J6039_4.RCP                110              0.23               107              0.54
316  J6039_5.RCP                 80              0.70                77              1.46
317  J6039_6.RCP                100              0.59                92              0.89
318  J6039_7.RCP                 70              0.60                71              1.02
319  J6039_8.RCP                 87              0.13                78              0.97
320  J6039_9.RCP                 76              0.32                72              0.90
321  J603_1.RCP                  64              0.31                64              0.69
322  J603_10.RCP                 76              0.15                76              0.49
323  J603_2.RCP                  69              0.32                69              0.66
324  J603_3.RCP                 106              0.22               105              0.62
325  J603_4.RCP                  93              0.27                88              1.05
326  J603_5.RCP                  85              0.31                96              0.75
327  J603_6.RCP                  69              0.19                61              0.65
328  J603_7.RCP                  59              0.39                59              1.01
329  J603_8.RCP                  60              0.33                73              0.43
330  J603_9.RCP                  72              0.25                70              0.63
331  J6040_1.RCP                 86              0.32                86              0.79
332  J6040_10.RCP                73              0.13                73              0.53
333  J6040_2.RCP                 81              0.23                81              0.62
334  J6040_3.RCP                 70              0.39                70              0.90
335  J6040_4.RCP                 87              0.22                87              0.59
336  J6040_5.RCP                 83              0.44                83              1.08
337  J6040_6.RCP                 69              0.42                69              1.01
338  J6040_7.RCP                 68              0.33                68              0.96
339  J6040_8.RCP                 80              0.25                80              0.64
340  J6040_9.RCP                 90              0.31                90              0.80
341  J6041_1.RCP                158              0.39               186              0.82
342  J6041_10.RCP               155              0.43               156              0.65
343  J6041_2.RCP                157              0.29               144              1.09
344  J6041_3.RCP                134              0.56               137              0.57
345  J6041_4.RCP                163              0.46               158              1.30
346  J6041_5.RCP                166              0.24               150              1.19
347  J6041_6.RCP                173              0.54               162              0.95
348  J6041_7.RCP                193              0.23               186              1.02
349  J6041_8.RCP                199              0.37               202              0.87
350  J6041_9.RCP                180              0.28               179              0.84
351  J6042_1.RCP                 98              0.14               102              0.47
352  J6042_10.RCP               109              0.25               102              0.51
353  J6042_2.RCP                 80              0.38                73              1.03
354  J6042_3.RCP                102              0.47               103              0.99
355  J6042_4.RCP                129              0.48               136              0.87
356  J6042_5.RCP                 81              0.55                81              1.23
357  J6042_6.RCP                125              0.29               131              0.55
358  J6042_7.RCP                 72              0.44                75              1.31
359  J6042_8.RCP                128              0.24               109              0.59
360  J6042_9.RCP                104              0.33                90              0.85
361  J6043_1.RCP                111              0.15               119              0.60
362  J6043_10.RCP                78              0.42                90              0.83
363  J6043_2.RCP                 87              0.59                92              0.69
364  J6043_3.RCP                 78              0.43                78              1.02
365  J6043_4.RCP                102              0.19                89              0.53
366  J6043_5.RCP                 74              0.23                65              0.94
367  J6043_6.RCP                 96              0.36                94              0.75
368  J6043_7.RCP                 95              0.54                90              1.28
369  J6043_8.RCP                 72              0.44                69              1.21
370  J6043_9.RCP                 91              0.38                80              1.40
371  J6044_1.RCP                 84              0.20                84              0.57
372  J6044_10.RCP                65              0.38                65              1.13
373  J6044_2.RCP                 68              0.33                68              0.69
374  J6044_3.RCP                 87              0.22                87              0.56
375  J6044_4.RCP                 77              0.40                77              0.98
376  J6044_5.RCP                 74              0.49                74              1.13
377  J6044_6.RCP                 81              0.52                81              1.16
378  J6044_7.RCP                 76              0.26                76              0.65
379  J6044_8.RCP                 83              0.22                83              0.61
380  J6044_9.RCP                 65              0.12                65              0.46
381  J6045_1.RCP                129              0.39               131              0.76
382  J6045_10.RCP               153              0.45               149              1.04
383  J6045_2.RCP                200              0.72               185              0.95
384  J6045_3.RCP                192              0.18               204              0.45
385  J6045_4.RCP                142              0.30               135              0.97
386  J6045_5.RCP                143              0.45               128              1.29
387  J6045_6.RCP                194              0.38               199              0.97
388  J6045_7.RCP                147              0.35               162              0.91
389  J6045_8.RCP                179              0.22               162              0.70
390  J6045_9.RCP                156              0.38               152              0.94
391  J6046_1.RCP                100              0.28               102              0.64
392  J6046_10.RCP               120              0.25               125              1.05
393  J6046_2.RCP                 96              0.21                96              0.66
394  J6046_3.RCP                108              0.29                91              0.83
395  J6046_4.RCP                 93              0.18                95              0.55
396  J6046_5.RCP                114              0.37               113              0.65
397  J6046_6.RCP                125              0.18               102              0.64
398  J6046_7.RCP                103              0.27               104              0.98
399  J6046_8.RCP                104              0.15                94              0.69
400  J6046_9.RCP                 94              0.34                88              1.17
401  J6047_1.RCP                 80              0.15                75              1.03
402  J6047_10.RCP                77              0.31                81              0.90
403  J6047_2.RCP                 71              0.52                79              0.98
404  J6047_3.RCP                 83              0.19                86              0.67
405  J6047_4.RCP                 92              0.29                87              0.48
406  J6047_5.RCP                 89              0.32               102              0.78
407  J6047_6.RCP                 87              0.53                84              1.26
408  J6047_7.RCP                 71              0.58                75              0.56
409  J6047_8.RCP                 80              0.27                88              0.73
410  J6047_9.RCP                 85              0.24                84              0.81
411  J6048_1.RCP                 71              0.20                71              0.61
412  J6048_10.RCP                70              0.33                70              0.76
413  J6048_2.RCP                 87              0.27                87              0.62
414  J6048_3.RCP                 84              0.27                84              0.65
415  J6048_4.RCP                 62              0.26                62              0.71
416  J6048_5.RCP                101              0.22               101              0.63
417  J6048_6.RCP                 66              0.33                66              0.73
418  J6048_7.RCP                 77              0.43                77              0.85
419  J6048_8.RCP                 88              0.22                88              0.61
420  J6048_9.RCP                 82              0.23                82              0.61
421  J604_1.RCP                  84              0.28                84              0.73
422  J604_10.RCP                 77              0.19                77              0.62
423  J604_2.RCP                  60              0.32                60              0.95
424  J604_3.RCP                  58              0.24                58              0.65
425  J604_4.RCP                  65              0.30                65              0.72
426  J604_5.RCP                  75              0.24                75              0.65
427  J604_6.RCP                  71              0.16                71              0.68
428  J604_7.RCP                  67              0.17                67              0.51
429  J604_8.RCP                  65              0.20                65              0.45
430  J604_9.RCP                  75              0.27                75              0.71
431  J605_1.RCP                 124              0.18               106              2.15
432  J605_10.RCP                109              0.59               106              1.28
433  J605_2.RCP                 143              0.54               133              1.02
434  J605_3.RCP                 107              0.81               119              0.77
435  J605_4.RCP                  91              0.93               109              1.12
436  J605_5.RCP                 150              0.42               152              1.68
437  J605_6.RCP                 109              0.26               107              0.91
438  J605_7.RCP                 110              0.18               101              1.65
439  J605_8.RCP                 113              0.68               126              0.86
440  J605_9.RCP                 134              0.33               135              0.83
441  J606_1.RCP                  71              0.49                68              1.42
442  J606_10.RCP                 92              0.32                79              0.64
443  J606_2.RCP                  86              0.35                78              0.94
444  J606_3.RCP                  84              0.29                86              0.96
445  J606_4.RCP                  83              0.21                86              0.74
446  J606_5.RCP                  81              0.36                81              0.90
447  J606_6.RCP                  87              0.28                79              0.74
448  J606_7.RCP                  75              0.50                75              1.16
449  J606_8.RCP                  99              0.27               101              0.80
450  J606_9.RCP                  90              0.22                89              0.47
451  J607_1.RCP                  81              0.18                81              0.57
452  J607_10.RCP                 82              0.17                89              0.57
453  J607_2.RCP                  85              0.30                85              0.79
454  J607_3.RCP                  73              0.27                64              0.84
455  J607_4.RCP                  81              0.29                74              0.56
456  J607_5.RCP                  77              0.45                73              0.83
457  J607_6.RCP                  76              0.20                78              0.77
458  J607_7.RCP                  95              0.20                95              0.61
459  J607_8.RCP                  84              0.18                68              0.77
460  J607_9.RCP                  51              0.28                47              1.00
461  J608_1.RCP                  64              0.22                64              0.61
462  J608_10.RCP                 97              0.31                97              0.71
463  J608_2.RCP                  61              0.53                61              1.16
464  J608_3.RCP                  79              0.49                79              1.16
465  J608_4.RCP                  64              0.27                64              0.70
466  J608_5.RCP                  83              0.26                83              0.88
467  J608_6.RCP                  56              0.50                56              1.22
468  J608_7.RCP                  62              0.38                62              0.98
469  J608_8.RCP                  66              0.20                66              0.53
470  J608_9.RCP                  58              0.46                58              1.07
471  J609_1.RCP                 122              0.50               111              1.19
472  J609_10.RCP                136              0.24               139              0.97
473  J609_2.RCP                 135              0.12               118              0.36
474  J609_3.RCP                 140              0.27               140              1.08
475  J609_4.RCP                 137              0.20               126              0.63
476  J609_5.RCP                 138              0.23               110              0.66
477  J609_6.RCP                 147              0.53               167              1.53
478  J609_7.RCP                 149              0.34               159              0.65
479  J609_8.RCP                 140              0.55               128              0.95
480  J609_9.RCP                 135              0.39               148              0.91

Note: columns labelled '(policy)' were generated using the trained policy;
columns without the suffix come from the native B&B branching.