Benchmark-style summary (native vs policy vs ortools)
-------------------------------------------------------------------------------------------------------------------------------
  #  Instance      Makespan(native)  CPU-Time[native]  Makespan(policy)  CPU-Time[policy]  Makespan(ortools)  CPU-Time[ortools]
-------------------------------------------------------------------------------------------------------------------------------
  1  J3010_1.RCP                 56              0.28                50              0.65                 42               0.01
  2  J3010_10.RCP                46              0.16                48              0.49                 41               0.01
  3  J3010_2.RCP                 62              0.26                64              0.77                 56               0.01
  4  J3010_3.RCP                 72              0.31                69              0.72                 62               0.02
  5  J3010_4.RCP                 71              0.12                62              0.51                 58               0.01
  6  J3010_5.RCP                 47              0.38                53              0.49                 41               0.01
  7  J3010_6.RCP                 51              0.19                54              0.42                 44               0.01
  8  J3010_7.RCP                 57              0.16                61              0.49                 49               0.01
  9  J3010_8.RCP                 62              0.30                60              0.77                 54               0.01
 10  J3010_9.RCP                 49              0.10                54              0.36                 49               0.01
 11  J3011_1.RCP                 65              0.13                57              0.40                 54               0.02
 12  J3011_10.RCP                45              0.27                38              0.76                 38               0.01
 13  J3011_2.RCP                 64              0.28                67              0.70                 56               0.01
 14  J3011_3.RCP                 81              0.11                82              0.37                 81               0.01
 15  J3011_4.RCP                 68              0.20                64              0.83                 63               0.01
 16  J3011_5.RCP                 53              0.20                58              0.47                 49               0.01
 17  J3011_6.RCP                 47              0.29                47              0.43                 44               0.01
 18  J3011_7.RCP                 41              0.34                40              0.78                 36               0.01
 19  J3011_8.RCP                 68              0.21                68              0.56                 62               0.01
 20  J3011_9.RCP                 69              0.13                67              0.45                 67               0.01
 21  J3012_1.RCP                 47              0.34                47              0.83                 47               0.01
 22  J3012_10.RCP                57              0.07                57              0.33                 57               0.01
 23  J3012_2.RCP                 46              0.32                46              0.77                 46               0.01
 24  J3012_3.RCP                 37              0.22                37              0.55                 37               0.01
 25  J3012_4.RCP                 63              0.13                63              0.43                 63               0.01
 26  J3012_5.RCP                 47              0.14                47              0.43                 47               0.01
 27  J3012_6.RCP                 53              0.09                53              0.34                 53               0.01
 28  J3012_7.RCP                 55              0.26                55              0.66                 55               0.01
 29  J3012_8.RCP                 35              0.24                35              0.60                 35               0.01
 30  J3012_9.RCP                 52              0.11                52              0.39                 52               0.01
 31  J3013_1.RCP                 75              0.17                70              0.62                 58               1.79
 32  J3013_10.RCP                75              0.14                76              0.37                 64               0.15
 33  J3013_2.RCP                 74              0.24                66              0.66                 62               5.84
 34  J3013_3.RCP                 88              0.22                87              0.81                 76               1.81
 35  J3013_4.RCP                 82              0.17                78              0.51                 72               0.31
 36  J3013_5.RCP                 79              0.29                76              0.75                 67               3.43
 37  J3013_6.RCP                 73              0.21                73              0.79                 64               4.84
 38  J3013_7.RCP                 95              0.31                87              0.46                 77               1.49
 39  J3013_8.RCP                124              0.31               116              0.84                106               1.22
 40  J3013_9.RCP                 91              0.19                87              0.45                 71               0.10
 41  J3014_1.RCP                 56              0.17                59              0.54                 50               0.02
 42  J3014_10.RCP                66              0.18                65              0.47                 61               0.01
 43  J3014_2.RCP                 61              0.22                59              0.69                 53               0.07
 44  J3014_3.RCP                 72              0.19                65              0.68                 58               0.02
 45  J3014_4.RCP                 56              0.23                55              0.62                 50               0.02
 46  J3014_5.RCP                 66              0.12                58              0.41                 52               0.02
 47  J3014_6.RCP                 38              0.36                42              0.41                 35               0.02
 48  J3014_7.RCP                 57              0.24                58              0.40                 50               0.04
 49  J3014_8.RCP                 56              0.28                59              0.49                 54               0.01
 50  J3014_9.RCP                 58              0.10                58              0.51                 46               0.02
 51  J3015_1.RCP                 46              0.25                56              0.56                 46               0.02
 52  J3015_10.RCP                65              0.22                67              0.68                 65               0.01
 53  J3015_2.RCP                 48              0.18                51              0.36                 47               0.01
 54  J3015_3.RCP                 52              0.17                50              0.40                 48               0.01
 55  J3015_4.RCP                 48              0.16                49              0.43                 48               0.01
 56  J3015_5.RCP                 64              0.29                69              0.50                 58               0.02
 57  J3015_6.RCP                 67              0.13                67              0.44                 67               0.01
 58  J3015_7.RCP                 50              0.07                49              0.38                 47               0.01
 59  J3015_8.RCP                 60              0.22                54              0.57                 50               0.01
 60  J3015_9.RCP                 58              0.09                60              0.36                 54               0.01
 61  J3016_1.RCP                 51              0.14                51              0.40                 51               0.01
 62  J3016_10.RCP                51              0.13                51              0.42                 51               0.01
 63  J3016_2.RCP                 48              0.29                48              0.65                 48               0.01
 64  J3016_3.RCP                 36              0.27                36              0.71                 36               0.01
 65  J3016_4.RCP                 47              0.14                47              0.48                 47               0.01
 66  J3016_5.RCP                 51              0.13                51              0.43                 51               0.01
 67  J3016_6.RCP                 51              0.10                51              0.37                 51               0.01
 68  J3016_7.RCP                 34              0.17                34              0.51                 34               0.02
 69  J3016_8.RCP                 44              0.21                44              0.58                 44               0.01
 70  J3016_9.RCP                 44              0.12                44              0.41                 44               0.01
 71  J3017_1.RCP                 66              0.23                67              0.53                 64               0.01
 72  J3017_10.RCP                81              0.18                75              0.55                 66               0.01
 73  J3017_2.RCP                 69              0.11                70              0.44                 68               0.01
 74  J3017_3.RCP                 60              0.24                64              0.64                 60               0.01
 75  J3017_4.RCP                 51              0.20                50              0.62                 49               0.01
 76  J3017_5.RCP                 52              0.38                54              0.48                 47               0.01
 77  J3017_6.RCP                 65              0.20                73              0.56                 63               0.01
 78  J3017_7.RCP                 68              0.21                58              0.56                 57               0.01
 79  J3017_8.RCP                 66              0.12                61              0.42                 61               0.01
 80  J3017_9.RCP                 57              0.30                50              0.50                 48               0.01
 81  J3018_1.RCP                 55              0.23                55              0.67                 53               0.01
 82  J3018_10.RCP                49              0.29                52              0.60                 49               0.01
 83  J3018_2.RCP                 55              0.18                55              0.47                 55               0.01
 84  J3018_3.RCP                 60              0.13                56              0.45                 56               0.01
 85  J3018_4.RCP                 70              0.22                70              0.68                 70               0.01
 86  J3018_5.RCP                 52              0.22                52              0.65                 52               0.01
 87  J3018_6.RCP                 69              0.25                62              0.97                 62               0.01
 88  J3018_7.RCP                 56              0.19                48              0.40                 48               0.01
 89  J3018_8.RCP                 52              0.17                58              0.57                 52               0.01
 90  J3018_9.RCP                 55              0.12                50              0.43                 47               0.01
 91  J3019_1.RCP                 41              0.24                41              0.56                 40               0.01
 92  J3019_10.RCP                57              0.12                48              0.39                 47               0.01
 93  J3019_2.RCP                 58              0.15                58              0.42                 58               0.01
 94  J3019_3.RCP                 91              0.13                83              0.44                 83               0.01
 95  J3019_4.RCP                 47              0.34                39              0.90                 39               0.01
 96  J3019_5.RCP                 52              0.12                49              0.39                 48               0.01
 97  J3019_6.RCP                 49              0.18                51              0.54                 49               0.01
 98  J3019_7.RCP                 57              0.22                59              0.46                 57               0.01
 99  J3019_8.RCP                 58              0.20                55              0.64                 55               0.01
100  J3019_9.RCP                 45              0.26                44              0.71                 38               0.01
101  J301_1.RCP                  49              0.14                53              0.32                 43               0.01
102  J301_10.RCP                 54              0.17                47              0.53                 45               0.01
103  J301_2.RCP                  51              0.20                54              0.60                 47               0.01
104  J301_3.RCP                  51              0.12                51              0.56                 47               0.01
105  J301_4.RCP                  73              0.34                69              0.78                 62               0.01
106  J301_5.RCP                  43              0.31                40              0.66                 39               0.01
107  J301_6.RCP                  49              0.39                49              0.41                 48               0.01
108  J301_7.RCP                  68              0.15                64              0.50                 60               0.01
109  J301_8.RCP                  56              0.52                57              0.68                 53               0.01
110  J301_9.RCP                  55              0.09                51              0.36                 49               0.01
111  J3020_1.RCP                 57              0.15                57              0.47                 57               0.01
112  J3020_10.RCP                37              0.24                37              0.64                 37               0.01
113  J3020_2.RCP                 70              0.16                70              0.49                 70               0.01
114  J3020_3.RCP                 49              0.13                49              0.39                 49               0.01
115  J3020_4.RCP                 43              0.20                43              0.59                 43               0.01
116  J3020_5.RCP                 61              0.09                61              0.36                 61               0.01
117  J3020_6.RCP                 51              0.14                51              0.49                 51               0.01
118  J3020_7.RCP                 42              0.21                42              0.69                 42               0.01
119  J3020_8.RCP                 51              0.09                51              0.36                 51               0.01
120  J3020_9.RCP                 41              0.17                41              0.52                 41               0.01
121  J3021_1.RCP                 93              0.19                92              0.46                 84               0.02
122  J3021_10.RCP                83              0.61                75              0.89                 69               0.02
123  J3021_2.RCP                 72              0.11                68              0.37                 59               0.02
124  J3021_3.RCP                 83              0.09                79              0.38                 76               0.01
125  J3021_4.RCP                 84              0.10                71              0.55                 70               0.03
126  J3021_5.RCP                 70              0.20                69              0.64                 55               0.01
127  J3021_6.RCP                 82              0.19                87              0.65                 76               0.02
128  J3021_7.RCP                 77              0.29                74              0.77                 65               0.02
129  J3021_8.RCP                 67              0.13                68              0.40                 62               0.01
130  J3021_9.RCP                 87              0.28                77              0.63                 69               0.03
131  J3022_1.RCP                 43              0.24                46              0.66                 42               0.01
132  J3022_10.RCP                62              0.23                64              0.58                 55               0.01
133  J3022_2.RCP                 57              0.11                53              0.40                 45               0.01
134  J3022_3.RCP                 63              0.20                63              0.60                 63               0.01
135  J3022_4.RCP                 53              0.26                45              0.62                 42               0.01
136  J3022_5.RCP                 58              0.17                55              0.51                 52               0.01
137  J3022_6.RCP                 61              0.18                58              0.55                 52               0.01
138  J3022_7.RCP                 69              0.20                72              0.57                 60               0.01
139  J3022_8.RCP                 60              0.24                62              0.69                 55               0.01
140  J3022_9.RCP                 76              0.16                76              0.49                 76               0.01
141  J3023_1.RCP                 63              0.22                67              0.57                 63               0.01
142  J3023_10.RCP                61              0.24                65              0.54                 61               0.01
143  J3023_2.RCP                 53              0.13                53              0.47                 53               0.01
144  J3023_3.RCP                 50              0.09                46              0.37                 46               0.01
145  J3023_4.RCP                 71              0.16                67              0.41                 65               0.01
146  J3023_5.RCP                 59              0.08                53              0.35                 52               0.01
147  J3023_6.RCP                 57              0.09                50              0.39                 48               0.01
148  J3023_7.RCP                 71              0.24                61              0.66                 60               0.01
149  J3023_8.RCP                 48              0.33                51              0.63                 48               0.01
150  J3023_9.RCP                 69              0.14                63              0.44                 63               0.01
151  J3024_1.RCP                 53              0.20                53              0.49                 53               0.01
152  J3024_10.RCP                53              0.19                53              0.59                 53               0.01
153  J3024_2.RCP                 58              0.08                58              0.35                 58               0.01
154  J3024_3.RCP                 69              0.14                69              0.44                 69               0.01
155  J3024_4.RCP                 53              0.11                53              0.38                 53               0.01
156  J3024_5.RCP                 51              0.17                51              0.51                 51               0.01
157  J3024_6.RCP                 56              0.24                56              0.57                 56               0.01
158  J3024_7.RCP                 44              0.08                44              0.35                 44               0.01
159  J3024_8.RCP                 38              0.26                38              0.71                 38               0.01
160  J3024_9.RCP                 43              0.25                43              0.74                 43               0.01
161  J3025_1.RCP                113              0.16               106              0.44                 93               0.16
162  J3025_10.RCP                75              0.14                65              0.51                 58               0.04
163  J3025_2.RCP                 89              0.32                81              0.58                 75               0.16
164  J3025_3.RCP                 92              0.37                91              1.01                 76               0.19
165  J3025_4.RCP                100              0.13                97              0.51                 81               0.29
166  J3025_5.RCP                 79              0.15                77              0.72                 72               0.25
167  J3025_6.RCP                 72              0.16                63              0.74                 58               0.11
168  J3025_7.RCP                111              0.23               109              0.56                 95               0.06
169  J3025_8.RCP                 85              0.38                88              0.57                 69               0.08
170  J3025_9.RCP                 97              0.23                98              0.75                 84               0.08
171  J3026_1.RCP                 72              0.09                64              0.42                 59               0.01
172  J3026_10.RCP                56              0.21                53              0.77                 49               0.01
173  J3026_2.RCP                 40              0.25                43              0.48                 40               0.01
174  J3026_3.RCP                 62              0.12                58              0.79                 58               0.01
175  J3026_4.RCP                 63              0.27                71              0.63                 62               0.01
176  J3026_5.RCP                 74              0.18                74              0.57                 74               0.01
177  J3026_6.RCP                 56              0.11                58              0.42                 53               0.01
178  J3026_7.RCP                 67              0.11                72              0.37                 56               0.01
179  J3026_8.RCP                 67              0.14                69              0.38                 66               0.01
180  J3026_9.RCP                 50              0.15                48              0.41                 43               0.01
181  J3027_1.RCP                 47              0.26                49              0.71                 43               0.01
182  J3027_10.RCP                62              0.20                65              0.47                 62               0.01
183  J3027_2.RCP                 58              0.24                62              0.59                 58               0.01
184  J3027_3.RCP                 66              0.13                62              0.44                 60               0.01
185  J3027_4.RCP                 75              0.08                68              0.36                 64               0.01
186  J3027_5.RCP                 61              0.18                55              0.66                 49               0.01
187  J3027_6.RCP                 71              0.13                67              0.38                 59               0.01
188  J3027_7.RCP                 55              0.26                51              0.60                 49               0.01
189  J3027_8.RCP                 84              0.17                66              0.56                 66               0.01
190  J3027_9.RCP                 58              0.29                61              0.56                 55               0.01
191  J3028_1.RCP                 69              0.20                69              0.57                 69               0.01
192  J3028_10.RCP                59              0.16                59              0.46                 59               0.01
193  J3028_2.RCP                 57              0.10                57              0.37                 57               0.01
194  J3028_3.RCP                 40              0.07                40              0.30                 40               0.01
195  J3028_4.RCP                 49              0.10                49              0.37                 49               0.01
196  J3028_5.RCP                 73              0.10                73              0.37                 73               0.01
197  J3028_6.RCP                 55              0.15                55              0.50                 55               0.01
198  J3028_7.RCP                 48              0.18                48              0.58                 48               0.01
199  J3028_8.RCP                 53              0.16                53              0.52                 53               0.01
200  J3028_9.RCP                 62              0.14                62              0.48                 62               0.01
201  J3029_1.RCP                 93              0.28                98              0.56                 85               0.10
202  J3029_10.RCP                86              0.21                86              0.49                 76               0.04
203  J3029_2.RCP                109              0.25               103              0.59                 90               0.40
204  J3029_3.RCP                 85              0.23                83              0.78                 78              15.23
205  J3029_4.RCP                118              0.42               110              0.82                103               2.41
206  J3029_5.RCP                115              0.22               116              0.54                 98               0.33
207  J3029_6.RCP                106              0.28                98              0.69                 92               7.43
208  J3029_7.RCP                 85              0.29                83              0.88                 73               0.22
209  J3029_8.RCP                 95              0.26               102              0.36                 80               3.77
210  J3029_9.RCP                114              0.44               116              0.78                 97               1.71
211  J302_1.RCP                  44              0.34                38              0.60                 38               0.01
212  J302_10.RCP                 51              0.14                52              0.48                 43               0.01
213  J302_2.RCP                  51              0.23                51              0.63                 51               0.01
214  J302_3.RCP                  44              0.25                45              0.54                 43               0.01
215  J302_4.RCP                  43              0.28                43              0.62                 43               0.01
216  J302_5.RCP                  60              0.29                53              0.74                 51               0.01
217  J302_6.RCP                  47              0.09                48              0.32                 47               0.01
218  J302_7.RCP                  48              0.18                47              0.57                 47               0.01
219  J302_8.RCP                  60              0.22                54              0.38                 54               0.01
220  J302_9.RCP                  54              0.34                54              0.77                 54               0.01
221  J3030_1.RCP                 54              0.22                54              0.60                 47               0.02
222  J3030_10.RCP                61              0.13                56              0.67                 53               0.02
223  J3030_2.RCP                 75              0.34                79              0.67                 68               0.02
224  J3030_3.RCP                 59              0.17                60              0.55                 55               0.01
225  J3030_4.RCP                 60              0.23                56              0.70                 53               0.01
226  J3030_5.RCP                 63              0.27                69              0.72                 54               0.02
227  J3030_6.RCP                 68              0.23                69              0.56                 62               0.02
228  J3030_7.RCP                 78              0.23                73              0.54                 68               0.02
229  J3030_8.RCP                 48              0.29                47              0.83                 46               0.01
230  J3030_9.RCP                 54              0.25                52              0.64                 46               0.01
231  J3031_1.RCP                 43              0.23                44              0.57                 43               0.01
232  J3031_10.RCP                59              0.34                63              0.60                 55               0.02
233  J3031_2.RCP                 63              0.14                65              0.41                 63               0.01
234  J3031_3.RCP                 60              0.16                60              0.49                 58               0.01
235  J3031_4.RCP                 50              0.14                50              0.46                 50               0.01
236  J3031_5.RCP                 58              0.22                56              0.66                 52               0.02
237  J3031_6.RCP                 54              0.12                56              0.41                 53               0.01
238  J3031_7.RCP                 66              0.23                64              0.60                 61               0.01
239  J3031_8.RCP                 61              0.29                63              0.73                 58               0.01
240  J3031_9.RCP                 56              0.27                55              0.62                 50               0.01
241  J3032_1.RCP                 61              0.10                61              0.38                 61               0.01
242  J3032_10.RCP                51              0.15                51              0.52                 51               0.01
243  J3032_2.RCP                 60              0.16                60              0.44                 60               0.01
244  J3032_3.RCP                 57              0.22                57              0.63                 57               0.01
245  J3032_4.RCP                 68              0.21                68              0.60                 68               0.01
246  J3032_5.RCP                 54              0.21                54              0.60                 54               0.01
247  J3032_6.RCP                 44              0.20                44              0.61                 44               0.01
248  J3032_7.RCP                 35              0.20                35              0.66                 35               0.01
249  J3032_8.RCP                 54              0.20                54              0.59                 54               0.01
250  J3032_9.RCP                 65              0.12                65              0.44                 65               0.01
251  J3033_1.RCP                 66              0.30                68              0.88                 65               0.01
252  J3033_10.RCP                53              0.15                53              0.49                 53               0.01
253  J3033_2.RCP                 68              0.21                66              0.60                 60               0.01
254  J3033_3.RCP                 58              0.23                58              0.76                 55               0.01
255  J3033_4.RCP                 82              0.19                82              0.59                 77               0.01
256  J3033_5.RCP                 62              0.16                62              0.58                 53               0.01
257  J3033_6.RCP                 59              0.11                61              0.42                 59               0.01
258  J3033_7.RCP                 61              0.13                60              0.43                 58               0.01
259  J3033_8.RCP                 76              0.23                62              0.67                 61               0.01
260  J3033_9.RCP                 81              0.18                72              0.63                 65               0.01
261  J3034_1.RCP                 68              0.19                68              0.46                 68               0.01
262  J3034_10.RCP                48              0.21                48              0.59                 47               0.01
263  J3034_2.RCP                 44              0.21                44              0.60                 44               0.01
264  J3034_3.RCP                 70              0.18                77              0.56                 69               0.01
265  J3034_4.RCP                 75              0.14                76              0.42                 67               0.01
266  J3034_5.RCP                 63              0.15                63              0.53                 63               0.01
267  J3034_6.RCP                 56              0.21                52              0.63                 52               0.01
268  J3034_7.RCP                 64              0.13                58              0.49                 58               0.01
269  J3034_8.RCP                 58              0.09                62              0.41                 58               0.01
270  J3034_9.RCP                 60              0.20                60              0.58                 60               0.01
271  J3035_1.RCP                 58              0.18                59              0.55                 57               0.01
272  J3035_10.RCP                59              0.10                59              0.40                 59               0.01
273  J3035_2.RCP                 53              0.15                55              0.46                 53               0.01
274  J3035_3.RCP                 64              0.12                62              0.44                 60               0.01
275  J3035_4.RCP                 56              0.19                53              0.64                 50               0.01
276  J3035_5.RCP                 64              0.14                60              0.69                 60               0.01
277  J3035_6.RCP                 65              0.28                65              0.64                 58               0.01
278  J3035_7.RCP                 63              0.15                64              0.51                 61               0.01
279  J3035_8.RCP                 63              0.25                63              0.62                 63               0.01
280  J3035_9.RCP                 65              0.14                65              0.46                 59               0.01
281  J3036_1.RCP                 66              0.13                66              0.43                 66               0.01
282  J3036_10.RCP                59              0.10                59              0.38                 59               0.01
283  J3036_2.RCP                 44              0.11                44              0.34                 44               0.01
284  J3036_3.RCP                 61              0.12                61              0.40                 61               0.01
285  J3036_4.RCP                 59              0.16                59              0.50                 59               0.01
286  J3036_5.RCP                 64              0.18                64              0.53                 64               0.01
287  J3036_6.RCP                 46              0.18                46              0.53                 46               0.01
288  J3036_7.RCP                 56              0.14                56              0.52                 56               0.01
289  J3036_8.RCP                 63              0.07                63              0.33                 63               0.01
290  J3036_9.RCP                 59              0.10                59              0.40                 59               0.01
291  J3037_1.RCP                 84              0.41                85              0.96                 79               0.03
292  J3037_10.RCP                98              0.21                87              0.62                 81               0.01
293  J3037_2.RCP                 71              0.27                76              0.45                 69               0.01
294  J3037_3.RCP                 94              0.19                95              0.54                 81               0.02
295  J3037_4.RCP                 93              0.36                86              0.89                 83               0.02
296  J3037_5.RCP                 94              0.34                94              0.67                 80               0.02
297  J3037_6.RCP                 83              0.23                75              0.63                 73               0.02
298  J3037_7.RCP                 95              0.30                97              0.82                 92               0.04
299  J3037_8.RCP                 85              0.22                79              0.94                 72               0.02
300  J3037_9.RCP                 60              0.15                61              0.47                 57               0.02
301  J3038_1.RCP                 50              0.20                49              0.57                 48               0.01
302  J3038_10.RCP                60              0.23                62              0.64                 60               0.01
303  J3038_2.RCP                 58              0.17                58              0.53                 54               0.01
304  J3038_3.RCP                 64              0.21                61              0.55                 59               0.01
305  J3038_4.RCP                 66              0.37                64              0.88                 59               0.01
306  J3038_5.RCP                 76              0.44                81              1.00                 71               0.01
307  J3038_6.RCP                 73              0.33                65              0.70                 63               0.01
308  J3038_7.RCP                 70              0.17                68              0.49                 65               0.01
309  J3038_8.RCP                 64              0.18                62              0.61                 61               0.01
310  J3038_9.RCP                 65              0.29                64              0.80                 63               0.01
311  J3039_1.RCP                 59              0.20                59              0.69                 55               0.01
312  J3039_10.RCP                60              0.16                60              0.51                 60               0.01
313  J3039_2.RCP                 54              0.15                58              0.52                 54               0.01
314  J3039_3.RCP                 60              0.26                56              0.57                 54               0.01
315  J3039_4.RCP                 54              0.34                56              0.82                 53               0.01
316  J3039_5.RCP                 57              0.22                59              0.63                 55               0.01
317  J3039_6.RCP                 71              0.16                74              0.50                 69               0.01
318  J3039_7.RCP                 56              0.14                56              0.44                 56               0.01
319  J3039_8.RCP                 67              0.11                67              0.43                 67               0.01
320  J3039_9.RCP                 65              0.16                65              0.53                 64               0.01
321  J303_1.RCP                  88              0.13                72              0.45                 72               0.01
322  J303_10.RCP                 60              0.22                59              0.48                 59               0.01
323  J303_2.RCP                  40              0.26                40              0.63                 40               0.01
324  J303_3.RCP                  57              0.18                65              0.67                 57               0.01
325  J303_4.RCP                  98              0.14               103              0.39                 98               0.01
326  J303_5.RCP                  53              0.24                54              0.81                 53               0.01
327  J303_6.RCP                  54              0.22                54              0.64                 54               0.01
328  J303_7.RCP                  48              0.15                48              0.50                 48               0.01
329  J303_8.RCP                  54              0.13                54              0.38                 54               0.01
330  J303_9.RCP                  65              0.16                68              0.53                 65               0.01
331  J3040_1.RCP                 51              0.36                51              0.87                 51               0.01
332  J3040_10.RCP                51              0.32                51              0.85                 51               0.01
333  J3040_2.RCP                 56              0.19                56              0.58                 56               0.01
334  J3040_3.RCP                 57              0.24                57              0.56                 57               0.01
335  J3040_4.RCP                 57              0.08                57              0.34                 57               0.01
336  J3040_5.RCP                 65              0.23                65              0.64                 65               0.01
337  J3040_6.RCP                 60              0.08                60              0.37                 60               0.01
338  J3040_7.RCP                 46              0.27                46              0.77                 46               0.01
339  J3040_8.RCP                 57              0.23                57              0.65                 57               0.01
340  J3040_9.RCP                 64              0.26                64              0.71                 64               0.01
341  J3041_1.RCP                 99              0.25               101              0.78                 86               0.03
342  J3041_10.RCP               119              0.29               112              0.83                 99               0.67
343  J3041_2.RCP                 97              0.40               100              0.74                 89               0.14
344  J3041_3.RCP                105              0.24                95              0.71                 85               0.03
345  J3041_4.RCP                 98              0.25                84              0.66                 78               0.06
346  J3041_5.RCP                112              0.34               105              0.84                 99               0.04
347  J3041_6.RCP                108              0.21               108              0.59                103               0.26
348  J3041_7.RCP                103              0.39               108              0.67                 92               0.07
349  J3041_8.RCP                103              0.21                99              0.57                 88               0.18
350  J3041_9.RCP                109              0.31               118              0.71                 92               0.07
351  J3042_1.RCP                 63              0.24                62              0.52                 58               0.01
352  J3042_10.RCP                78              0.20                79              0.60                 75               0.01
353  J3042_2.RCP                 56              0.15                53              0.59                 50               0.02
354  J3042_3.RCP                 69              0.31                64              0.72                 60               0.02
355  J3042_4.RCP                 54              0.19                55              0.58                 49               0.02
356  J3042_5.RCP                 62              0.17                53              0.74                 52               0.01
357  J3042_6.RCP                 72              0.17                78              0.43                 66               0.02
358  J3042_7.RCP                 71              0.29                73              0.77                 66               0.01
359  J3042_8.RCP                 87              0.16                83              0.48                 82               0.02
360  J3042_9.RCP                 67              0.24                76              0.60                 60               0.01
361  J3043_1.RCP                 59              0.30                59              0.70                 55               0.02
362  J3043_10.RCP                62              0.19                65              0.39                 60               0.01
363  J3043_2.RCP                 51              0.20                46              0.68                 43               0.01
364  J3043_3.RCP                 65              0.10                66              0.39                 57               0.01
365  J3043_4.RCP                 72              0.24                74              0.62                 67               0.01
366  J3043_5.RCP                 75              0.28                70              0.73                 64               0.01
367  J3043_6.RCP                 65              0.13                60              0.51                 58               0.01
368  J3043_7.RCP                 57              0.14                54              0.57                 52               0.01
369  J3043_8.RCP                 67              0.26                73              0.33                 62               0.02
370  J3043_9.RCP                 58              0.18                58              0.64                 57               0.01
371  J3044_1.RCP                 50              0.19                50              0.64                 50               0.01
372  J3044_10.RCP                63              0.16                63              0.51                 63               0.01
373  J3044_2.RCP                 54              0.30                54              0.80                 54               0.01
374  J3044_3.RCP                 51              0.15                51              0.46                 51               0.01
375  J3044_4.RCP                 57              0.24                57              0.68                 57               0.01
376  J3044_5.RCP                 55              0.23                55              0.59                 55               0.01
377  J3044_6.RCP                 56              0.10                56              0.38                 56               0.01
378  J3044_7.RCP                 42              0.30                42              0.74                 42               0.01
379  J3044_8.RCP                 49              0.18                49              0.54                 49               0.01
380  J3044_9.RCP                 64              0.20                64              0.57                 64               0.01
381  J3045_1.RCP                 97              0.22                93              0.83                 82               0.56
382  J3045_10.RCP               109              0.42               105              0.48                 90               0.16
383  J3045_2.RCP                140              0.18               136              0.42                125               3.40
384  J3045_3.RCP                106              0.41               119              0.72                 92               0.06
385  J3045_4.RCP                100              0.29                96              0.79                 84               0.05
386  J3045_5.RCP                102              0.23                94              0.55                 86               0.12
387  J3045_6.RCP                157              0.32               143              0.78                129               6.38
388  J3045_7.RCP                116              0.48               115              0.73                101               0.09
389  J3045_8.RCP                102              0.36               104              0.48                 94               0.19
390  J3045_9.RCP                 94              0.29                90              0.75                 82               0.07
391  J3046_1.RCP                 68              0.23                64              0.73                 59               0.02
392  J3046_10.RCP                67              0.14                59              0.52                 55               0.02
393  J3046_2.RCP                 71              0.20                73              0.78                 67               0.02
394  J3046_3.RCP                 71              0.37                71              0.57                 65               0.03
395  J3046_4.RCP                 70              0.22                69              0.66                 64               0.02
396  J3046_5.RCP                 63              0.18                64              0.45                 57               0.01
397  J3046_6.RCP                 65              0.24                64              0.71                 59               0.03
398  J3046_7.RCP                 68              0.23                64              0.69                 59               0.05
399  J3046_8.RCP                 65              0.13                66              0.56                 58               0.02
400  J3046_9.RCP                 53              0.15                59              0.62                 49               0.01
401  J3047_1.RCP                 65              0.15                67              0.50                 58               0.01
402  J3047_10.RCP                65              0.32                69              0.75                 60               0.01
403  J3047_2.RCP                 59              0.19                63              0.45                 59               0.01
404  J3047_3.RCP                 59              0.28                60              0.76                 55               0.01
405  J3047_4.RCP                 54              0.14                52              0.52                 49               0.01
406  J3047_5.RCP                 50              0.27                53              0.68                 47               0.01
407  J3047_6.RCP                 60              0.28                56              0.81                 53               0.01
408  J3047_7.RCP                 69              0.19                71              0.45                 66               0.01
409  J3047_8.RCP                 56              0.24                54              0.55                 48               0.01
410  J3047_9.RCP                 69              0.18                69              0.51                 65               0.01
411  J3048_1.RCP                 63              0.10                63              0.37                 63               0.01
412  J3048_10.RCP                54              0.22                54              0.63                 54               0.01
413  J3048_2.RCP                 54              0.17                54              0.45                 54               0.01
414  J3048_3.RCP                 50              0.10                50              0.37                 50               0.01
415  J3048_4.RCP                 57              0.14                57              0.45                 57               0.01
416  J3048_5.RCP                 58              0.18                58              0.57                 58               0.01
417  J3048_6.RCP                 58              0.11                58              0.39                 58               0.01
418  J3048_7.RCP                 55              0.19                55              0.56                 55               0.01
419  J3048_8.RCP                 44              0.19                44              0.58                 44               0.01
420  J3048_9.RCP                 59              0.16                59              0.49                 59               0.01
421  J304_1.RCP                  49              0.14                49              0.45                 49               0.01
422  J304_10.RCP                 48              0.09                48              0.37                 48               0.01
423  J304_2.RCP                  60              0.17                60              0.53                 60               0.01
424  J304_3.RCP                  47              0.15                47              0.49                 47               0.01
425  J304_4.RCP                  57              0.19                57              0.58                 57               0.01
426  J304_5.RCP                  59              0.13                59              0.41                 59               0.01
427  J304_6.RCP                  45              0.16                45              0.48                 45               0.01
428  J304_7.RCP                  56              0.12                56              0.39                 56               0.01
429  J304_8.RCP                  55              0.14                55              0.39                 55               0.01
430  J304_9.RCP                  38              0.16                38              0.52                 38               0.01
431  J305_1.RCP                  62              0.27                63              0.64                 53               0.02
432  J305_10.RCP                 76              0.38                84              0.72                 70               0.01
433  J305_2.RCP                  85              0.17                91              0.60                 82               0.01
434  J305_3.RCP                  91              0.27                82              0.64                 76               0.03
435  J305_4.RCP                  70              0.31                73              0.82                 63               0.03
436  J305_5.RCP                  91              0.17                82              0.77                 76               0.02
437  J305_6.RCP                  71              0.18                74              0.52                 64               0.01
438  J305_7.RCP                  99              0.33                90              0.89                 76               0.02
439  J305_8.RCP                  73              0.40                76              0.78                 67               0.02
440  J305_9.RCP                  55              0.26                54              0.75                 49               0.01
441  J306_1.RCP                  64              0.33                65              0.51                 59               0.01
442  J306_10.RCP                 74              0.18                67              0.58                 61               0.01
443  J306_2.RCP                  65              0.18                55              0.70                 51               0.01
444  J306_3.RCP                  53              0.17                52              0.51                 48               0.01
445  J306_4.RCP                  45              0.34                48              0.49                 42               0.01
446  J306_5.RCP                  76              0.31                76              0.88                 67               0.01
447  J306_6.RCP                  47              0.11                47              0.44                 37               0.01
448  J306_7.RCP                  57              0.41                51              0.76                 46               0.01
449  J306_8.RCP                  47              0.28                42              0.86                 39               0.01
450  J306_9.RCP                  62              0.10                54              0.36                 51               0.01
451  J307_1.RCP                  55              0.21                55              0.52                 55               0.01
452  J307_10.RCP                 50              0.25                54              0.56                 49               0.01
453  J307_2.RCP                  42              0.49                47              0.50                 42               0.01
454  J307_3.RCP                  49              0.14                49              0.45                 42               0.01
455  J307_4.RCP                  44              0.18                49              0.39                 44               0.01
456  J307_5.RCP                  49              0.29                45              0.58                 44               0.01
457  J307_6.RCP                  36              0.13                37              0.45                 35               0.01
458  J307_7.RCP                  61              0.23                52              0.54                 50               0.01
459  J307_8.RCP                  50              0.39                47              0.82                 44               0.01
460  J307_9.RCP                  60              0.16                60              0.48                 60               0.01
461  J308_1.RCP                  44              0.15                44              0.48                 44               0.01
462  J308_10.RCP                 67              0.10                67              0.36                 67               0.01
463  J308_2.RCP                  51              0.18                51              0.54                 51               0.01
464  J308_3.RCP                  53              0.08                53              0.32                 53               0.01
465  J308_4.RCP                  48              0.16                48              0.53                 48               0.01
466  J308_5.RCP                  58              0.14                58              0.42                 58               0.01
467  J308_6.RCP                  47              0.22                47              0.57                 47               0.01
468  J308_7.RCP                  41              0.15                41              0.45                 41               0.01
469  J308_8.RCP                  51              0.23                51              0.68                 51               0.01
470  J308_9.RCP                  39              0.08                39              0.34                 39               0.01
471  J309_1.RCP                 100              0.60                87              0.67                 83               0.02
472  J309_10.RCP                101              0.38               101              0.74                 88               0.21
473  J309_2.RCP                 109              0.36                99              0.96                 92               1.77
474  J309_3.RCP                  90              0.36                78              0.86                 68               0.02
475  J309_4.RCP                  79              0.21                76              0.77                 71               0.07
476  J309_5.RCP                  78              0.12                81              0.47                 70               0.02
477  J309_6.RCP                  69              0.19                74              0.60                 59               0.07
478  J309_7.RCP                  75              0.41                73              0.71                 63               0.07
479  J309_8.RCP                 104              0.28                97              0.59                 91               0.07
480  J309_9.RCP                  75              0.18                71              0.61                 63               0.12

Aggregates:
---------------------------------------------------------------
Solver      Median Gap  Mean Gap  % Wins vs Native  % <= 5% Gap
---------------------------------------------------------------
Native B&B        7.0%      8.1%                 -          46%
Policy B&B        5.0%      6.6%               36%          50%
Gaps measured relative to OR-Tools solutions when available.
Policy vs Native record: W=171, L=130, T=179 (wins/all=35.6%, wins/no-ties=56.8%, ties=37.3%)
Success rates: Native success: 100.0%, Policy success: 100.0%, OR-Tools success: 100.0%

Note: columns labelled '(policy)' were generated using the trained policy;
columns without the suffix come from the native B&B branching.
Note: columns labelled '(ortools)' were solved via OR-Tools CP-SAT (may be optimal or best-found).